% Distances between instruments for pitch 102 (F#7)
@RELATION distances

@ATTRIBUTE 'InstrumentId' NUMERIC
@ATTRIBUTE 'Instrument' STRING
@ATTRIBUTE 'StyleId' NUMERIC
@ATTRIBUTE 'Distance to instrument 23 (ElectricPiano), style 4' NUMERIC
@ATTRIBUTE 'Distance to instrument 23 (ElectricPiano), style 5' NUMERIC
@ATTRIBUTE 'Distance to instrument 36 (Piano), style 6' NUMERIC
@ATTRIBUTE 'Distance to instrument 36 (Piano), style 7' NUMERIC
@ATTRIBUTE 'Distance to instrument 36 (Piano), style 8' NUMERIC
@ATTRIBUTE 'Distance to instrument 36 (Piano), style 9' NUMERIC
@ATTRIBUTE 'Distance to instrument 36 (Piano), style 10' NUMERIC
@ATTRIBUTE 'Distance to instrument 36 (Piano), style 11' NUMERIC

@DATA
23,'ElectricPiano',4,0.0,0.021575334640954045,0.08979399588434678,0.007922386918636165,0.028483107561649106,0.03906990011639092,0.01951189535054469,0.01761921975119964
23,'ElectricPiano',5,0.021575334640954045,0.0,0.1113693305253008,0.029497721559590212,0.05005767740396288,0.060645234757344964,0.04108722999149873,0.039194554392153684
36,'Piano',6,0.08979399588434678,0.1113693305253008,0.0,0.08189126877095927,0.06131165312133794,0.05073927869107316,0.07028657299146249,0.07749538768119854
36,'Piano',7,0.007922386918636165,0.029497721559590212,0.08189126877095927,0.0,0.031169005657115723,0.04173400066189668,0.011604695779496799,0.009698884125210486
36,'Piano',8,0.028483107561649106,0.05005767740396288,0.06131165312133794,0.031169005657115723,0.0,0.010587557353382087,0.030146320459629467,0.037355135149365525
36,'Piano',9,0.03906990011639092,0.060645234757344964,0.05073927869107316,0.04173400066189668,0.010587557353382087,0.0,0.04072202592986733,0.04792013015414648
36,'Piano',10,0.01951189535054469,0.04108722999149873,0.07028657299146249,0.011604695779496799,0.030146320459629467,0.04072202592986733,0.0,0.007208814689736054
36,'Piano',11,0.01761921975119964,0.039194554392153684,0.07749538768119854,0.009698884125210486,0.037355135149365525,0.04792013015414648,0.007208814689736054,0.0
