% Distances between instruments for pitch 104 (G#7)
@RELATION distances

@ATTRIBUTE 'InstrumentId' NUMERIC
@ATTRIBUTE 'Instrument' STRING
@ATTRIBUTE 'StyleId' NUMERIC
@ATTRIBUTE 'Distance to instrument 36 (Piano), style 6' NUMERIC
@ATTRIBUTE 'Distance to instrument 36 (Piano), style 7' NUMERIC
@ATTRIBUTE 'Distance to instrument 36 (Piano), style 8' NUMERIC
@ATTRIBUTE 'Distance to instrument 36 (Piano), style 9' NUMERIC
@ATTRIBUTE 'Distance to instrument 36 (Piano), style 10' NUMERIC
@ATTRIBUTE 'Distance to instrument 36 (Piano), style 11' NUMERIC

@DATA
36,'Piano',6,0.0,0.08774878989507973,0.05119544806319387,0.06063040383130865,0.07464919012994255,0.06662521823991416
36,'Piano',7,0.08774878989507973,0.0,0.03655905969535563,0.027132029807951295,0.013114556624155877,0.021138862112207085
36,'Piano',8,0.05119544806319387,0.03655905969535563,0.0,0.009458951257003684,0.023477737555637573,0.031314783794180685
36,'Piano',9,0.06063040383130865,0.027132029807951295,0.009458951257003684,0.0,0.014018786298633889,0.021855832537177003
36,'Piano',10,0.07464919012994255,0.013114556624155877,0.023477737555637573,0.014018786298633889,0.0,0.008024305488051208
36,'Piano',11,0.06662521823991416,0.021138862112207085,0.031314783794180685,0.021855832537177003,0.008024305488051208,0.0
