% Distances between instruments for pitch 105 (A7)
@RELATION distances

@ATTRIBUTE 'InstrumentId' NUMERIC
@ATTRIBUTE 'Instrument' STRING
@ATTRIBUTE 'StyleId' NUMERIC
@ATTRIBUTE 'Distance to instrument 36 (Piano), style 6' NUMERIC
@ATTRIBUTE 'Distance to instrument 36 (Piano), style 7' NUMERIC
@ATTRIBUTE 'Distance to instrument 36 (Piano), style 8' NUMERIC
@ATTRIBUTE 'Distance to instrument 36 (Piano), style 9' NUMERIC
@ATTRIBUTE 'Distance to instrument 36 (Piano), style 10' NUMERIC
@ATTRIBUTE 'Distance to instrument 36 (Piano), style 11' NUMERIC

@DATA
36,'Piano',6,0.0,0.06561246776982653,0.041362177905714614,0.04162395970168796,0.07010848263093913,0.057784404979948224
36,'Piano',7,0.06561246776982653,0.0,0.029529297410672877,0.02399064838931289,0.011393028392194337,0.00783132653609909
36,'Piano',8,0.041362177905714614,0.029529297410672877,0.0,0.016122799924544844,0.02874630472522452,0.032283245202805115
36,'Piano',9,0.04162395970168796,0.02399064838931289,0.016122799924544844,0.0,0.028484522929251178,0.016160445278260268
36,'Piano',10,0.07010848263093913,0.011393028392194337,0.02874630472522452,0.028484522929251178,0.0,0.014143712438105797
36,'Piano',11,0.057784404979948224,0.00783132653609909,0.032283245202805115,0.016160445278260268,0.014143712438105797,0.0
