% Distances between instruments for pitch 106 (A#7)
@RELATION distances

@ATTRIBUTE 'InstrumentId' NUMERIC
@ATTRIBUTE 'Instrument' STRING
@ATTRIBUTE 'StyleId' NUMERIC
@ATTRIBUTE 'Distance to instrument 36 (Piano), style 6' NUMERIC
@ATTRIBUTE 'Distance to instrument 36 (Piano), style 7' NUMERIC
@ATTRIBUTE 'Distance to instrument 36 (Piano), style 8' NUMERIC
@ATTRIBUTE 'Distance to instrument 36 (Piano), style 9' NUMERIC
@ATTRIBUTE 'Distance to instrument 36 (Piano), style 10' NUMERIC
@ATTRIBUTE 'Distance to instrument 36 (Piano), style 11' NUMERIC

@DATA
36,'Piano',6,0.0,0.06849422753194992,0.04053131312729256,0.04500074002388816,0.07125125387388873,0.07228996414595734
36,'Piano',7,0.06849422753194992,0.0,0.027968678209886858,0.023493487508061763,0.002766392878900332,0.0037957366140074222
36,'Piano',8,0.04053131312729256,0.027968678209886858,0.0,0.004475190701825098,0.030725704551825665,0.031764414823894284
36,'Piano',9,0.04500074002388816,0.023493487508061763,0.004475190701825098,0.0,0.026257670607758906,0.027289224122069185
36,'Piano',10,0.07125125387388873,0.002766392878900332,0.030725704551825665,0.026257670607758906,0.0,0.0010387102720686183
36,'Piano',11,0.07228996414595734,0.0037957366140074222,0.031764414823894284,0.027289224122069185,0.0010387102720686183,0.0
