% Distances between instruments for pitch 108 (C8)
@RELATION distances

@ATTRIBUTE 'InstrumentId' NUMERIC
@ATTRIBUTE 'Instrument' STRING
@ATTRIBUTE 'StyleId' NUMERIC
@ATTRIBUTE 'Distance to instrument 36 (Piano), style 6' NUMERIC
@ATTRIBUTE 'Distance to instrument 36 (Piano), style 7' NUMERIC
@ATTRIBUTE 'Distance to instrument 36 (Piano), style 8' NUMERIC
@ATTRIBUTE 'Distance to instrument 36 (Piano), style 9' NUMERIC
@ATTRIBUTE 'Distance to instrument 36 (Piano), style 10' NUMERIC
@ATTRIBUTE 'Distance to instrument 36 (Piano), style 11' NUMERIC

@DATA
36,'Piano',6,0.0,0.06687582103443372,0.03908303606204496,0.04206719338771178,0.06152131420318586,0.06764783417275334
36,'Piano',7,0.06687582103443372,0.0,0.027804966258061618,0.02480862764672193,0.00535450683124786,0.0007720131383196186
36,'Piano',8,0.03908303606204496,0.027804966258061618,0.0,0.0029963386113396853,0.022450459426813757,0.028576979396381236
36,'Piano',9,0.04206719338771178,0.02480862764672193,0.0029963386113396853,0.0,0.019455203959321068,0.02558064078504155
36,'Piano',10,0.06152131420318586,0.00535450683124786,0.022450459426813757,0.019455203959321068,0.0,0.006126519969567479
36,'Piano',11,0.06764783417275334,0.0007720131383196186,0.028576979396381236,0.02558064078504155,0.006126519969567479,0.0
