% Distances between instruments for pitch 21 (A0)
@RELATION distances

@ATTRIBUTE 'InstrumentId' NUMERIC
@ATTRIBUTE 'Instrument' STRING
@ATTRIBUTE 'StyleId' NUMERIC
@ATTRIBUTE 'Distance to instrument 36 (Piano), style 6' NUMERIC
@ATTRIBUTE 'Distance to instrument 36 (Piano), style 7' NUMERIC
@ATTRIBUTE 'Distance to instrument 36 (Piano), style 8' NUMERIC
@ATTRIBUTE 'Distance to instrument 36 (Piano), style 9' NUMERIC
@ATTRIBUTE 'Distance to instrument 36 (Piano), style 10' NUMERIC
@ATTRIBUTE 'Distance to instrument 36 (Piano), style 11' NUMERIC
@ATTRIBUTE 'Distance to instrument 45 (Trombone), style 4' NUMERIC
@ATTRIBUTE 'Distance to instrument 47 (Tuba), style 1' NUMERIC
@ATTRIBUTE 'Distance to instrument 47 (Tuba), style 2' NUMERIC

@DATA
36,'Piano',6,0.0,0.020082768057774352,0.023736687953913867,0.03323364689540842,0.009667960041835545,0.006684515801278179,0.028563615194483017,0.012069464842136115,0.028634151972479305
36,'Piano',7,0.020082768057774352,0.0,0.006133403289336133,0.01568067380344086,0.010414808015938803,0.02664873606387277,0.010380133714860159,0.018569570224274246,0.0215457422209795
36,'Piano',8,0.023736687953913867,0.006133403289336133,0.0,0.01000462302479692,0.014112932277670619,0.030421203755192045,0.004826927240569154,0.021938251806491258,0.01565775268177412
36,'Piano',9,0.03323364689540842,0.01568067380344086,0.01000462302479692,0.0,0.023565686853572878,0.039863951651687796,0.00714302273556483,0.03172044906190832,0.005865068417538636
36,'Piano',10,0.009667960041835545,0.010414808015938803,0.014112932277670619,0.023565686853572878,0.0,0.016308271477521424,0.018939859518239774,0.016315417194389788,0.02687294767947992
36,'Piano',11,0.006684515801278179,0.02664873606387277,0.030421203755192045,0.039863951651687796,0.016308271477521424,0.0,0.035248130995761205,0.008482951948700789,0.03531866777375748
45,'Trombone',4,0.028563615194483017,0.010380133714860159,0.004826927240569154,0.00714302273556483,0.018939859518239774,0.035248130995761205,0.0,0.02676517904706041,0.012796152392542032
47,'Tuba',1,0.012069464842136115,0.018569570224274246,0.021938251806491258,0.03172044906190832,0.016315417194389788,0.008482951948700789,0.02676517904706041,0.0,0.02696322642341657
47,'Tuba',2,0.028634151972479305,0.0215457422209795,0.01565775268177412,0.005865068417538636,0.02687294767947992,0.03531866777375748,0.012796152392542032,0.02696322642341657,0.0
