% Distances between instruments for pitch 25 (C#1)
@RELATION distances

@ATTRIBUTE 'InstrumentId' NUMERIC
@ATTRIBUTE 'Instrument' STRING
@ATTRIBUTE 'StyleId' NUMERIC
@ATTRIBUTE 'Distance to instrument 6 (Bass), style 1' NUMERIC
@ATTRIBUTE 'Distance to instrument 6 (Bass), style 2' NUMERIC
@ATTRIBUTE 'Distance to instrument 13 (Contrabassoon), style 1' NUMERIC
@ATTRIBUTE 'Distance to instrument 21 (ElectricBass), style 1' NUMERIC
@ATTRIBUTE 'Distance to instrument 21 (ElectricBass), style 2' NUMERIC
@ATTRIBUTE 'Distance to instrument 21 (ElectricBass), style 3' NUMERIC
@ATTRIBUTE 'Distance to instrument 21 (ElectricBass), style 4' NUMERIC
@ATTRIBUTE 'Distance to instrument 21 (ElectricBass), style 5' NUMERIC
@ATTRIBUTE 'Distance to instrument 21 (ElectricBass), style 6' NUMERIC
@ATTRIBUTE 'Distance to instrument 21 (ElectricBass), style 7' NUMERIC
@ATTRIBUTE 'Distance to instrument 23 (ElectricPiano), style 1' NUMERIC
@ATTRIBUTE 'Distance to instrument 23 (ElectricPiano), style 2' NUMERIC
@ATTRIBUTE 'Distance to instrument 23 (ElectricPiano), style 4' NUMERIC
@ATTRIBUTE 'Distance to instrument 23 (ElectricPiano), style 5' NUMERIC
@ATTRIBUTE 'Distance to instrument 23 (ElectricPiano), style 6' NUMERIC
@ATTRIBUTE 'Distance to instrument 29 (Kantele), style 1' NUMERIC
@ATTRIBUTE 'Distance to instrument 34 (Organ), style 1' NUMERIC
@ATTRIBUTE 'Distance to instrument 34 (Organ), style 2' NUMERIC
@ATTRIBUTE 'Distance to instrument 34 (Organ), style 3' NUMERIC
@ATTRIBUTE 'Distance to instrument 34 (Organ), style 4' NUMERIC
@ATTRIBUTE 'Distance to instrument 34 (Organ), style 5' NUMERIC
@ATTRIBUTE 'Distance to instrument 34 (Organ), style 6' NUMERIC
@ATTRIBUTE 'Distance to instrument 36 (Piano), style 6' NUMERIC
@ATTRIBUTE 'Distance to instrument 36 (Piano), style 7' NUMERIC
@ATTRIBUTE 'Distance to instrument 36 (Piano), style 8' NUMERIC
@ATTRIBUTE 'Distance to instrument 36 (Piano), style 9' NUMERIC
@ATTRIBUTE 'Distance to instrument 36 (Piano), style 10' NUMERIC
@ATTRIBUTE 'Distance to instrument 36 (Piano), style 11' NUMERIC
@ATTRIBUTE 'Distance to instrument 45 (Trombone), style 3' NUMERIC
@ATTRIBUTE 'Distance to instrument 45 (Trombone), style 4' NUMERIC
@ATTRIBUTE 'Distance to instrument 47 (Tuba), style 1' NUMERIC
@ATTRIBUTE 'Distance to instrument 47 (Tuba), style 2' NUMERIC
@ATTRIBUTE 'Distance to instrument 47 (Tuba), style 3' NUMERIC

@DATA
6,'Bass',1,0.0,0.03230217800148283,0.04363402819964216,0.15583870088414686,0.09280826017261097,0.09098934288144007,0.09030312804077549,0.08892480580128022,0.035535475347142485,0.08915401160565262,0.07955345715397333,0.05195150971009702,0.09066705401673882,0.06637539222044735,0.054760438878979585,0.05717809635996716,0.048095101771251945,0.07277263720212297,0.05602797690616416,0.07105040944905693,0.06934392761634654,0.053985048851153024,0.07160983536689909,0.06126993754362514,0.05169919375268769,0.05113622718038561,0.058142762272771736,0.08192618591099433,0.06870761045182013,0.04386206925422322,0.031985628990740166,0.03295858791170139,0.06488795512852116
6,'Bass',2,0.03230217800148283,0.0,0.061700083672993206,0.12353652288266405,0.11087431564596201,0.10905539835479111,0.10836918351412651,0.10699086127463127,0.054119416060150055,0.10722006707900365,0.09761951262732436,0.07001756518344805,0.10873310949008985,0.0844414476937984,0.07282649435233063,0.07541049582493681,0.06616115724460297,0.040470459200640144,0.07409403237951519,0.08911646492240795,0.08740998308969757,0.07205110432450405,0.08967589084025011,0.07933599301697616,0.08348348651451398,0.08292051994221192,0.07620881774612277,0.09999224138434537,0.08677366592517116,0.06293764237068185,0.0500516844640912,0.05102464338505242,0.0829540106018722
13,'Contrabassoon',1,0.04363402819964216,0.061700083672993206,0.0,0.17227908139836304,0.04917423197296881,0.04735531468179791,0.04666909984113332,0.04529077760163807,0.02600924771000807,0.045519983406010454,0.035919428954331166,0.028337258332952753,0.047033025817096646,0.03053697952617485,0.011126410679337423,0.0261600187871964,0.027264956116458707,0.0892130177163391,0.012393948706521989,0.027416381249414756,0.02570989941670437,0.012082399472894564,0.032592436490557895,0.02706668348416567,0.03423300947677357,0.033670042904471495,0.024874151872799344,0.03829215771135217,0.025073582252177956,0.01368716533294144,0.02025700797995006,0.011991543455369852,0.021253926928878994
21,'ElectricBass',1,0.15583870088414686,0.12353652288266405,0.17227908139836304,0.0,0.18727225913666878,0.1854533418454979,0.1848604722166711,0.18609924499383093,0.14778767215979918,0.18587003918945855,0.19547059364113784,0.14641550867415484,0.18520072708910498,0.16083939118450516,0.1769549839071141,0.19706307287040684,0.1451767249396329,0.0832299365879702,0.18210251252483492,0.17432452413279986,0.1728326433444364,0.1830581153236218,0.20349549057376834,0.19796973756737613,0.20559878518548239,0.2047121190246406,0.19577720595600978,0.1931991890211958,0.16317160941587794,0.1853625377822541,0.15202207341841298,0.1663517511152843,0.17354362369996426
21,'ElectricBass',2,0.09280826017261097,0.11087431564596201,0.04917423197296881,0.18727225913666878,0.0,0.0018241715650606108,0.0025051321318354945,0.0038834543713307467,0.057764819535214736,0.0036542485669583645,0.013254803018637648,0.0409894542629344,0.0021412061558721642,0.04047368875031201,0.038138916345911496,0.03568177277338389,0.044862191971302555,0.10781810358864062,0.03687687479106178,0.021865679040902253,0.023615161482755137,0.038823211321457954,0.021266133863483083,0.03160139898566236,0.04545892536907218,0.049479823072727025,0.03471187040974563,0.010969832310910546,0.0242433629505432,0.048946190918387755,0.06082263118187081,0.05984967226090959,0.027920305044089818
21,'ElectricBass',3,0.09098934288144007,0.10905539835479111,0.04735531468179791,0.1854533418454979,0.0018241715650606108,0.0,0.0006862148406645958,0.0020645370801598475,0.05594590224404383,0.0018353312757874657,0.011435885727466748,0.04009288484826081,0.0003222888647012655,0.04229260604148291,0.03631474478085089,0.03385760120832328,0.043038020406241946,0.10599393202358,0.035052703226001174,0.020041507475841644,0.021790989917694528,0.03700429403028705,0.019441962298422474,0.029777227420601748,0.043640008077901284,0.04766090578155612,0.032887698844685016,0.009145660745849936,0.025747994738428325,0.04712727362721686,0.059003713890699916,0.05803075496973869,0.026101387752918922
21,'ElectricBass',4,0.09030312804077549,0.10836918351412651,0.04666909984113332,0.1848604722166711,0.0025051321318354945,0.0006862148406645958,0.0,0.0014383842376044064,0.05525968740337924,0.0011491164351228702,0.010749670886802154,0.04077909968892541,0.00036392597596333014,0.0429788208821475,0.03574069551369886,0.03328355194117126,0.04246397113908992,0.105419882756428,0.034478653958849144,0.01946745820868962,0.02121694065054251,0.036338762633943464,0.01886791303127045,0.029203178153449725,0.04295379323723669,0.04697469094089152,0.032313649577533,0.008571611478697913,0.026434209579092923,0.04644105878655227,0.05834909995020195,0.05737796119318838,0.025415172912254324
21,'ElectricBass',5,0.08892480580128022,0.10699086127463127,0.04529077760163807,0.18609924499383093,0.0038834543713307467,0.0020645370801598475,0.0014383842376044064,0.0,0.05388136516388398,0.00046649698037671904,0.0093713486473069,0.04215742192842065,0.0017786391100383162,0.04435714312164276,0.034302311276094455,0.03184516770356686,0.04108511971192661,0.10398149851882359,0.03304026972124474,0.018029073971085215,0.0197785564129381,0.03493975695012721,0.017429528793666046,0.027764793915845316,0.04157547099774144,0.04559636870139627,0.030875265339928588,0.007133227241093505,0.027812531818588174,0.04506273654705701,0.05693917681054007,0.05596621788957884,0.02403685067275907
21,'ElectricBass',6,0.035535475347142485,0.054119416060150055,0.02600924771000807,0.14778767215979918,0.057764819535214736,0.05594590224404383,0.05525968740337924,0.05388136516388398,0.0,0.05411057096825637,0.05040146948588765,0.016908069072700777,0.055623613379342574,0.03133195158305111,0.03206117753391174,0.05216926649720447,0.013051661133855698,0.06472160847777526,0.03720870615163255,0.036006968811660676,0.034300486978950294,0.03809164718290264,0.05860168420056597,0.05307593119417373,0.06024225718678163,0.059679290614479574,0.050883399582807416,0.048305382647993424,0.03366416981442388,0.03969641304294951,0.007066522733539432,0.021398020594358424,0.029844514491124918
21,'ElectricBass',7,0.08915401160565262,0.10722006707900365,0.045519983406010454,0.18587003918945855,0.0036542485669583645,0.0018353312757874657,0.0011491164351228702,0.00046649698037671904,0.05411057096825637,0.0,0.009695811059364444,0.04192821612404828,0.0015130424110862,0.044127937317270376,0.034768808256471176,0.03231166468394357,0.041492083881862235,0.10444799549920031,0.03350676670162146,0.018495570951461933,0.02024505339331482,0.03536687537671578,0.017896025774042763,0.028231290896222037,0.041804676802113826,0.04595712685854295,0.03134176232030531,0.007599724221470224,0.02758332601421579,0.045291942351429394,0.057377212692974265,0.05640607393596069,0.024330907827317994
23,'ElectricPiano',1,0.07955345715397333,0.09761951262732436,0.035919428954331166,0.19547059364113784,0.013254803018637648,0.011435885727466748,0.010749670886802154,0.0093713486473069,0.05040146948588765,0.009695811059364444,0.0,0.05152877057572756,0.011113596862765482,0.053728491768949664,0.025072997197106733,0.02261585362457913,0.05045646835923351,0.11240452995911392,0.02381095564225702,0.021267463913471247,0.02280234531097718,0.025671064317351333,0.00820021471467832,0.018535479836857594,0.03220412235043454,0.03626131579917851,0.021645951260940866,0.0023727287570210055,0.037183880465895075,0.03569138789975011,0.047681401633609816,0.04671026287659625,0.021957375198672188
23,'ElectricPiano',2,0.05195150971009702,0.07001756518344805,0.028337258332952753,0.14641550867415484,0.0409894542629344,0.04009288484826081,0.04077909968892541,0.04215742192842065,0.016908069072700777,0.04192821612404828,0.05152877057572756,0.0,0.04041517371296208,0.014454448583606352,0.032908499701638665,0.05305607475647143,0.0038727377083681604,0.06682864932570622,0.038050531847024616,0.03026130666225631,0.028744550390820633,0.039116292258211526,0.05947239236280181,0.05395127205750425,0.06165696212007215,0.060770295959230336,0.051775444292908056,0.04915604181870656,0.016756100741723103,0.04142071471684384,0.019965880719356854,0.02240992804987403,0.029601800634553994
23,'ElectricPiano',4,0.09066705401673882,0.10873310949008985,0.047033025817096646,0.18520072708910498,0.0021412061558721642,0.0003222888647012655,0.00036392597596333014,0.0017786391100383162,0.055623613379342574,0.0015130424110862,0.011113596862765482,0.04041517371296208,0.0,0.04261489490618418,0.03608095038613277,0.03362380681360517,0.04280422601152383,0.1057601376288619,0.03481890883128306,0.01980771308112353,0.021557195522976417,0.03668200516558579,0.019208167903704363,0.029543433025883636,0.04331771921320002,0.04733861691685485,0.03265390444996691,0.00891186635113182,0.02607028360312959,0.0468049847625156,0.058689354822635854,0.057718216065622295,0.025779098888217652
23,'ElectricPiano',5,0.06637539222044735,0.0844414476937984,0.03053697952617485,0.16083939118450516,0.04047368875031201,0.04229260604148291,0.0429788208821475,0.04435714312164276,0.03133195158305111,0.044127937317270376,0.053728491768949664,0.014454448583606352,0.04261489490618418,0.0,0.035108220894860764,0.05525579594969352,0.018327186291974513,0.08128309790931258,0.040250253040246715,0.032466718445662186,0.03097483765729876,0.041316013451433625,0.0616721135560239,0.05615099325072636,0.06385668331329424,0.06297001715245243,0.05397516548613015,0.05135576301192865,0.016585186805642513,0.04362043591006593,0.03438976322970718,0.03341680430874596,0.03180152182777609
23,'ElectricPiano',6,0.054760438878979585,0.07282649435233063,0.011126410679337423,0.1769549839071141,0.038138916345911496,0.03631474478085089,0.03574069551369886,0.034302311276094455,0.03206117753391174,0.034768808256471176,0.025072997197106733,0.032908499701638665,0.03608095038613277,0.035108220894860764,0.0,0.020147575054832768,0.03183619748514462,0.09378425908502502,0.005147528617720808,0.016289970570077333,0.014583488737366946,0.006207792556572858,0.026563892661163144,0.02104277235586559,0.02874846241843348,0.027861796257591675,0.01886694459126939,0.027169084035000953,0.01856360959180618,0.01089836962475637,0.02499465480037231,0.021801850967278196,0.01043790042915318
29,'Kantele',1,0.05717809635996716,0.07541049582493681,0.0261600187871964,0.19706307287040684,0.03568177277338389,0.03385760120832328,0.03328355194117126,0.03184516770356686,0.05216926649720447,0.03231166468394357,0.02261585362457913,0.05305607475647143,0.03362380681360517,0.05525579594969352,0.020147575054832768,0.0,0.05198377253997738,0.11393183413985779,0.015005542909446813,0.02279476809421512,0.02432964949172105,0.014077619314301834,0.014431739006931928,0.004091841183657979,0.00982876155642836,0.013849659260083191,0.0012858669143970558,0.024748089551027183,0.038711184646638946,0.013316027105743936,0.04510274376366504,0.030771245902846047,0.023725172209989015
34,'Organ',1,0.048095101771251945,0.06616115724460297,0.027264956116458707,0.1451767249396329,0.044862191971302555,0.043038020406241946,0.04246397113908992,0.04108511971192661,0.013051661133855698,0.041492083881862235,0.05045646835923351,0.0038727377083681604,0.04280422601152383,0.018327186291974513,0.03183619748514462,0.05198377253997738,0.0,0.06295591161733806,0.03697822963053057,0.02918900444576226,0.027655918404803508,0.03804399004171748,0.05840009014630776,0.052878969841010204,0.06058465990357811,0.05969799374273629,0.050703142076414,0.04808373960221251,0.020618829020759358,0.04034841250034979,0.016109472780511776,0.021337625833379986,0.028529498418059945
34,'Organ',2,0.07277263720212297,0.040470459200640144,0.0892130177163391,0.0832299365879702,0.10781810358864062,0.10599393202358,0.105419882756428,0.10398149851882359,0.06472160847777526,0.10444799549920031,0.11240452995911392,0.06682864932570622,0.1057601376288619,0.08128309790931258,0.09378425908502502,0.11393183413985779,0.06295591161733806,0.0,0.09892629123041097,0.09113706604564266,0.0896027067564662,0.09999205164159787,0.12034815174618817,0.11482703144089061,0.12253272150345851,0.1216460553426167,0.11265120367629443,0.11003180120209292,0.08357474063809743,0.1022964741002302,0.06895600973638905,0.08328568743326038,0.09047756001794034
34,'Organ',3,0.05602797690616416,0.07409403237951519,0.012393948706521989,0.18210251252483492,0.03687687479106178,0.035052703226001174,0.034478653958849144,0.03304026972124474,0.03720870615163255,0.03350676670162146,0.02381095564225702,0.038050531847024616,0.03481890883128306,0.040250253040246715,0.005147528617720808,0.015005542909446813,0.03697822963053057,0.09892629123041097,0.0,0.015022432542892762,0.013315950710182378,0.0020429280550111313,0.02142186051577719,0.01590074021047964,0.023606430273047527,0.02271976411220572,0.013724912445883438,0.02590704248015124,0.02370564173719213,0.012165907651940937,0.03014218341809312,0.023069388994462762,0.009175858874303467
34,'Organ',4,0.07105040944905693,0.08911646492240795,0.027416381249414756,0.17432452413279986,0.021865679040902253,0.020041507475841644,0.01946745820868962,0.018029073971085215,0.036006968811660676,0.018495570951461933,0.021267463913471247,0.03026130666225631,0.01980771308112353,0.032466718445662186,0.016289970570077333,0.02279476809421512,0.02918900444576226,0.09113706604564266,0.015022432542892762,0.0,0.0017494824418528858,0.017065360597903895,0.029211085700545498,0.023689965395247942,0.031395655457815835,0.030508989296974025,0.021514137630651742,0.018894735156450244,0.015916416552423828,0.0271883401948337,0.03906478045831676,0.038091821537355526,0.00616245432053576
34,'Organ',5,0.06934392761634654,0.08740998308969757,0.02570989941670437,0.1728326433444364,0.023615161482755137,0.021790989917694528,0.02121694065054251,0.0197785564129381,0.034300486978950294,0.02024505339331482,0.02280234531097718,0.028744550390820633,0.021557195522976417,0.03097483765729876,0.014583488737366946,0.02432964949172105,0.027655918404803508,0.0896027067564662,0.013315950710182378,0.0017494824418528858,0.0,0.01535887876519351,0.03074596709805143,0.025224846792753882,0.03293053685532177,0.03204387069447996,0.023049019028157678,0.02042961655395618,0.014389650851656244,0.025481858362123317,0.03735829862560636,0.036385339704645143,0.004455972487825375
34,'Organ',6,0.053985048851153024,0.07205110432450405,0.012082399472894564,0.1830581153236218,0.038823211321457954,0.03700429403028705,0.036338762633943464,0.03493975695012721,0.03809164718290264,0.03536687537671578,0.025671064317351333,0.039116292258211526,0.03668200516558579,0.041316013451433625,0.006207792556572858,0.014077619314301834,0.03804399004171748,0.09999205164159787,0.0020429280550111313,0.017065360597903895,0.01535887876519351,0.0,0.020510037017663327,0.014984284011271103,0.022540669861860624,0.021654003701018814,0.012791752399904778,0.027941137059841314,0.02477140214837904,0.010122979596929807,0.031036041905208825,0.021039198559244913,0.011035967549397783
36,'Piano',6,0.07160983536689909,0.08967589084025011,0.032592436490557895,0.20349549057376834,0.021266133863483083,0.019441962298422474,0.01886791303127045,0.017429528793666046,0.05860168420056597,0.017896025774042763,0.00820021471467832,0.05947239236280181,0.019208167903704363,0.0616721135560239,0.026563892661163144,0.014431739006931928,0.05840009014630776,0.12034815174618817,0.02142186051577719,0.029211085700545498,0.03074596709805143,0.020510037017663327,0.0,0.010339897823273948,0.02426050056336029,0.028281398267015118,0.013467073094127343,0.010316350544095255,0.045127502252969326,0.027747766112675862,0.05153516146702653,0.03865124745519769,0.03015758991335051
36,'Piano',7,0.06126993754362514,0.07933599301697616,0.02706668348416567,0.19796973756737613,0.03160139898566236,0.029777227420601748,0.029203178153449725,0.027764793915845316,0.05307593119417373,0.028231290896222037,0.018535479836857594,0.05395127205750425,0.029543433025883636,0.05615099325072636,0.02104277235586559,0.004091841183657979,0.052878969841010204,0.11482703144089061,0.01590074021047964,0.023689965395247942,0.025224846792753882,0.014984284011271103,0.010339897823273948,0.0,0.013920602740086338,0.01794150044374117,0.003127175270853395,0.020656248367369203,0.03960638194767177,0.017407868289401916,0.04600940846063431,0.03167791059981531,0.02463183690695828
36,'Piano',8,0.05169919375268769,0.08348348651451398,0.03423300947677357,0.20559878518548239,0.04545892536907218,0.043640008077901284,0.04295379323723669,0.04157547099774144,0.06024225718678163,0.041804676802113826,0.03220412235043454,0.06165696212007215,0.04331771921320002,0.06385668331329424,0.02874846241843348,0.00982876155642836,0.06058465990357811,0.12253272150345851,0.023606430273047527,0.031395655457815835,0.03293053685532177,0.022540669861860624,0.02426050056336029,0.013920602740086338,0.0,0.004344597292194572,0.010793427469232944,0.03457685110745554,0.04731207201023966,0.020545844143832124,0.05357671176706944,0.03924703407019811,0.03205516148551815
36,'Piano',9,0.05113622718038561,0.08292051994221192,0.033670042904471495,0.2047121190246406,0.049479823072727025,0.04766090578155612,0.04697469094089152,0.04559636870139627,0.059679290614479574,0.04595712685854295,0.03626131579917851,0.060770295959230336,0.04733861691685485,0.06297001715245243,0.027861796257591675,0.013849659260083191,0.05969799374273629,0.1216460553426167,0.02271976411220572,0.030508989296974025,0.03204387069447996,0.021654003701018814,0.028281398267015118,0.01794150044374117,0.004344597292194572,0.0,0.014814325172887777,0.038597748811110374,0.04642540584939786,0.019982877571530056,0.05269004560622764,0.038360367909356305,0.03123519632726411
36,'Piano',10,0.058142762272771736,0.07620881774612277,0.024874151872799344,0.19577720595600978,0.03471187040974563,0.032887698844685016,0.032313649577533,0.030875265339928588,0.050883399582807416,0.03134176232030531,0.021645951260940866,0.051775444292908056,0.03265390444996691,0.05397516548613015,0.01886694459126939,0.0012858669143970558,0.050703142076414,0.11265120367629443,0.013724912445883438,0.021514137630651742,0.023049019028157678,0.012791752399904778,0.013467073094127343,0.003127175270853395,0.010793427469232944,0.014814325172887777,0.0,0.023783423638222598,0.037430554183075566,0.014280693018548521,0.04381687684926799,0.029485378988448992,0.022439305295591957
36,'Piano',11,0.08192618591099433,0.09999224138434537,0.03829215771135217,0.1931991890211958,0.010969832310910546,0.009145660745849936,0.008571611478697913,0.007133227241093505,0.048305382647993424,0.007599724221470224,0.0023727287570210055,0.04915604181870656,0.00891186635113182,0.05135576301192865,0.027169084035000953,0.024748089551027183,0.04808373960221251,0.11003180120209292,0.02590704248015124,0.018894735156450244,0.02042961655395618,0.027941137059841314,0.010316350544095255,0.020656248367369203,0.03457685110745554,0.038597748811110374,0.023783423638222598,0.0,0.03481115170887407,0.03806411665677112,0.04994055692025417,0.04896759799929295,0.019861288360777968
45,'Trombone',3,0.06870761045182013,0.08677366592517116,0.025073582252177956,0.16317160941587794,0.0242433629505432,0.025747994738428325,0.026434209579092923,0.027812531818588174,0.03366416981442388,0.02758332601421579,0.037183880465895075,0.016756100741723103,0.02607028360312959,0.016585186805642513,0.01856360959180618,0.038711184646638946,0.020618829020759358,0.08357474063809743,0.02370564173719213,0.015916416552423828,0.014389650851656244,0.02477140214837904,0.045127502252969326,0.03960638194767177,0.04731207201023966,0.04642540584939786,0.037430554183075566,0.03481115170887407,0.0,0.027075824607011353,0.03672198146107996,0.03574902254011873,0.015256910524721506
45,'Trombone',4,0.04386206925422322,0.06293764237068185,0.01368716533294144,0.1853625377822541,0.048946190918387755,0.04712727362721686,0.04644105878655227,0.04506273654705701,0.03969641304294951,0.045291942351429394,0.03569138789975011,0.04142071471684384,0.0468049847625156,0.04362043591006593,0.01089836962475637,0.013316027105743936,0.04034841250034979,0.1022964741002302,0.012165907651940937,0.0271883401948337,0.025481858362123317,0.010122979596929807,0.027747766112675862,0.017407868289401916,0.020545844143832124,0.019982877571530056,0.014280693018548521,0.03806411665677112,0.027075824607011353,0.0,0.033340464363841145,0.019010786666969804,0.021025885874297944
47,'Tuba',1,0.031985628990740166,0.0500516844640912,0.02025700797995006,0.15202207341841298,0.06082263118187081,0.059003713890699916,0.05834909995020195,0.05693917681054007,0.007066522733539432,0.057377212692974265,0.047681401633609816,0.019965880719356854,0.058689354822635854,0.03438976322970718,0.02499465480037231,0.04510274376366504,0.016109472780511776,0.06895600973638905,0.03014218341809312,0.03906478045831676,0.03735829862560636,0.031036041905208825,0.05153516146702653,0.04600940846063431,0.05357671176706944,0.05269004560622764,0.04381687684926799,0.04994055692025417,0.03672198146107996,0.033340464363841145,0.0,0.014331497860818993,0.03304630486565626
47,'Tuba',2,0.03295858791170139,0.05102464338505242,0.011991543455369852,0.1663517511152843,0.05984967226090959,0.05803075496973869,0.05737796119318838,0.05596621788957884,0.021398020594358424,0.05640607393596069,0.04671026287659625,0.02240992804987403,0.057718216065622295,0.03341680430874596,0.021801850967278196,0.030771245902846047,0.021337625833379986,0.08328568743326038,0.023069388994462762,0.038091821537355526,0.036385339704645143,0.021039198559244913,0.03865124745519769,0.03167791059981531,0.03924703407019811,0.038360367909356305,0.029485378988448992,0.04896759799929295,0.03574902254011873,0.019010786666969804,0.014331497860818993,0.0,0.032075166108642694
47,'Tuba',3,0.06488795512852116,0.0829540106018722,0.021253926928878994,0.17354362369996426,0.027920305044089818,0.026101387752918922,0.025415172912254324,0.02403685067275907,0.029844514491124918,0.024330907827317994,0.021957375198672188,0.029601800634553994,0.025779098888217652,0.03180152182777609,0.01043790042915318,0.023725172209989015,0.028529498418059945,0.09047756001794034,0.009175858874303467,0.00616245432053576,0.004455972487825375,0.011035967549397783,0.03015758991335051,0.02463183690695828,0.03205516148551815,0.03123519632726411,0.022439305295591957,0.019861288360777968,0.015256910524721506,0.021025885874297944,0.03304630486565626,0.032075166108642694,0.0
