% Distances between instruments for pitch 26 (D1)
@RELATION distances

@ATTRIBUTE 'InstrumentId' NUMERIC
@ATTRIBUTE 'Instrument' STRING
@ATTRIBUTE 'StyleId' NUMERIC
@ATTRIBUTE 'Distance to instrument 6 (Bass), style 1' NUMERIC
@ATTRIBUTE 'Distance to instrument 6 (Bass), style 2' NUMERIC
@ATTRIBUTE 'Distance to instrument 13 (Contrabassoon), style 1' NUMERIC
@ATTRIBUTE 'Distance to instrument 21 (ElectricBass), style 1' NUMERIC
@ATTRIBUTE 'Distance to instrument 21 (ElectricBass), style 2' NUMERIC
@ATTRIBUTE 'Distance to instrument 21 (ElectricBass), style 3' NUMERIC
@ATTRIBUTE 'Distance to instrument 21 (ElectricBass), style 4' NUMERIC
@ATTRIBUTE 'Distance to instrument 21 (ElectricBass), style 5' NUMERIC
@ATTRIBUTE 'Distance to instrument 21 (ElectricBass), style 6' NUMERIC
@ATTRIBUTE 'Distance to instrument 21 (ElectricBass), style 7' NUMERIC
@ATTRIBUTE 'Distance to instrument 23 (ElectricPiano), style 1' NUMERIC
@ATTRIBUTE 'Distance to instrument 23 (ElectricPiano), style 2' NUMERIC
@ATTRIBUTE 'Distance to instrument 23 (ElectricPiano), style 4' NUMERIC
@ATTRIBUTE 'Distance to instrument 23 (ElectricPiano), style 5' NUMERIC
@ATTRIBUTE 'Distance to instrument 23 (ElectricPiano), style 6' NUMERIC
@ATTRIBUTE 'Distance to instrument 29 (Kantele), style 1' NUMERIC
@ATTRIBUTE 'Distance to instrument 34 (Organ), style 1' NUMERIC
@ATTRIBUTE 'Distance to instrument 34 (Organ), style 2' NUMERIC
@ATTRIBUTE 'Distance to instrument 34 (Organ), style 3' NUMERIC
@ATTRIBUTE 'Distance to instrument 34 (Organ), style 4' NUMERIC
@ATTRIBUTE 'Distance to instrument 34 (Organ), style 5' NUMERIC
@ATTRIBUTE 'Distance to instrument 34 (Organ), style 6' NUMERIC
@ATTRIBUTE 'Distance to instrument 36 (Piano), style 6' NUMERIC
@ATTRIBUTE 'Distance to instrument 36 (Piano), style 7' NUMERIC
@ATTRIBUTE 'Distance to instrument 36 (Piano), style 8' NUMERIC
@ATTRIBUTE 'Distance to instrument 36 (Piano), style 9' NUMERIC
@ATTRIBUTE 'Distance to instrument 36 (Piano), style 10' NUMERIC
@ATTRIBUTE 'Distance to instrument 36 (Piano), style 11' NUMERIC
@ATTRIBUTE 'Distance to instrument 45 (Trombone), style 1' NUMERIC
@ATTRIBUTE 'Distance to instrument 45 (Trombone), style 3' NUMERIC
@ATTRIBUTE 'Distance to instrument 45 (Trombone), style 4' NUMERIC
@ATTRIBUTE 'Distance to instrument 47 (Tuba), style 1' NUMERIC
@ATTRIBUTE 'Distance to instrument 47 (Tuba), style 2' NUMERIC
@ATTRIBUTE 'Distance to instrument 47 (Tuba), style 3' NUMERIC

@DATA
6,'Bass',1,0.0,0.017695658409996946,0.03671011777486357,0.17494188612410536,0.09092415206205301,0.08880057884398547,0.08830341389669648,0.0867841066847209,0.027106485882383208,0.08582842033960048,0.0773462690337193,0.05439142000212097,0.08888272072487753,0.042557782599527576,0.05315132994538289,0.05509215441260093,0.08901266619695047,0.11525754709248459,0.04989036122478218,0.06876739066630937,0.06472495429456934,0.04860541132135868,0.05859206860867716,0.05798311089909563,0.05068314265822707,0.04391969117750197,0.06977696627979542,0.07873494237074945,0.0683475327535742,0.07200204842402608,0.04644205414333644,0.036830106597520305,0.03205761499126401,0.03727055629496449
6,'Bass',2,0.017695658409996946,0.0,0.053049610877885116,0.15724622771410843,0.1070995042804332,0.10497593106236568,0.10447876611507667,0.1029594589031011,0.04369173298203349,0.10200377255798065,0.09352162125209951,0.07056677222050117,0.10505807294325774,0.05873313481790777,0.06932668216376307,0.07126750663098112,0.07131700778695353,0.09756188868248765,0.06606571344316237,0.08494274288468957,0.08090030651294954,0.06478076353973887,0.07476742082705735,0.07415846311747583,0.06770407071278832,0.06094061923206321,0.08595231849817563,0.09491029458912964,0.08452288497195441,0.08817740064240627,0.06261740636171664,0.0530054588159005,0.048232967209644206,0.053445908513344687
13,'Contrabassoon',1,0.03671011777486357,0.053049610877885116,0.0,0.19808170575020664,0.05421403428718943,0.05209046106912191,0.05159329612183291,0.050073988909857335,0.039063154085267,0.0491183025647369,0.04063615125885573,0.029209513301951748,0.05217260295001397,0.05904031325540222,0.016441212170519318,0.01939963281284714,0.11215248582305176,0.13839736671858585,0.013180243449918605,0.0320572728914458,0.028014836519705776,0.011895293546495109,0.021881950833813585,0.02127299312423206,0.027032733561331446,0.020269282080606348,0.033066848504931856,0.04202482459588588,0.031637414978710636,0.03529193064916251,0.009731936368472876,0.015702140459221702,0.012026145414325326,0.0350962701080873
21,'ElectricBass',1,0.17494188612410536,0.15724622771410843,0.19808170575020664,0.0,0.2079170997625164,0.20578335142351892,0.2053343083468243,0.20586927130054325,0.15926430566156838,0.2068249576456637,0.2153071089515449,0.17137419258165443,0.20592684594970564,0.15954055517906104,0.1961812030626168,0.21672344248087252,0.08601471599432477,0.05977400605727439,0.20496193417482675,0.19253847927248113,0.19489536661779372,0.204885788612842,0.21805229222615372,0.21393968909434727,0.22454115290396814,0.21766795073332842,0.22291007377264963,0.21397058646024744,0.18533030533310765,0.18898482100355954,0.20511872492620334,0.18238082059925378,0.186060227400635,0.16298543564211934
21,'ElectricBass',2,0.09092415206205301,0.1070995042804332,0.05421403428718943,0.2079170997625164,0.0,0.002150562346258218,0.002620738165356533,0.004140045377332102,0.06381766617966979,0.005095731722452537,0.0135778830283337,0.036619542269195594,0.002041431337175469,0.06268783342840677,0.037836024999272806,0.03585230460629141,0.13389027675858908,0.15796468033479003,0.04103379083727083,0.022211932084931163,0.02629519757384406,0.042318740740694326,0.03233208345337585,0.03300900035026935,0.04874796992360154,0.04785540015084536,0.021191022970368414,0.012251535657966212,0.025222961937817437,0.019225616482485657,0.044482097918716566,0.05410547589373151,0.05888137925647263,0.05365635747199035
21,'ElectricBass',3,0.08880057884398547,0.10497593106236568,0.05209046106912191,0.20578335142351892,0.002150562346258218,0.0,0.0004971649472890043,0.0020164721592645734,0.06169409296160227,0.002972158504385008,0.011454309810266171,0.034980606693023816,0.0001603085334474528,0.06481140664647429,0.03568546265301459,0.033708424431384554,0.13173971441233087,0.15581411798853181,0.038910217619203304,0.020061369738672948,0.02414463522758584,0.0401951675226268,0.030208510235308322,0.030858438004011137,0.04662439670553401,0.04573182693277783,0.0190404606241102,0.010100973311707994,0.027346535155884966,0.021349189700553186,0.042358524700649026,0.05197047224646517,0.05674296385272146,0.05153002254902098
21,'ElectricBass',4,0.08830341389669648,0.10447876611507667,0.05159329612183291,0.2053343083468243,0.002620738165356533,0.0004971649472890043,0.0,0.001554515685519994,0.061196928014313264,0.0024749935570960034,0.01095714486297717,0.03547777164031282,0.0005925376028813402,0.0653085715937633,0.0352532335835807,0.0332695131905993,0.13130748534289696,0.1553818889190979,0.03841977740086804,0.01962914066923906,0.023712406158151955,0.039698002575337794,0.029715733739862995,0.030426208934577245,0.04612723175824501,0.04523466198548883,0.01860823155467631,0.009668744242274107,0.02784370010317397,0.02184635464784219,0.04186135975336003,0.0515226844780394,0.05629858784078053,0.05107356605629824
21,'ElectricBass',5,0.0867841066847209,0.1029594589031011,0.050073988909857335,0.20586927130054325,0.004140045377332102,0.0020164721592645734,0.001554515685519994,0.0,0.05967762080233769,0.0009556863451204346,0.009437837651001599,0.03699707885228839,0.002147053288401334,0.06682787880573886,0.033698717898060705,0.031714997505079306,0.12975296965737698,0.1538273732335779,0.03689374545993873,0.018074624983719065,0.022157890472631957,0.03817869536336222,0.028192038076043747,0.02887169324905725,0.04460792454626944,0.043715354773513265,0.017053715869156317,0.008114228556754113,0.029363007315149542,0.023365661859817758,0.04034205254138446,0.04996816879251941,0.05474407215526054,0.04951905037077825
21,'ElectricBass',6,0.027106485882383208,0.04369173298203349,0.039063154085267,0.15926430566156838,0.06381766617966979,0.06169409296160227,0.061196928014313264,0.05967762080233769,0.0,0.05872193445721726,0.05693701947747185,0.02728493411973777,0.06177623484249433,0.020222913166763962,0.03792054747985844,0.058462786898114134,0.07333508573441348,0.09957996662994757,0.04665988145042773,0.04166090478392616,0.037618468412186135,0.04649757402419007,0.059747903224644607,0.0556790335115889,0.06609588764659845,0.05933243616587334,0.06464941818989124,0.055709930877489044,0.04124104687119099,0.04489556254164286,0.0463515704478801,0.024120165016495398,0.0277995718178766,0.01016407041258128
21,'ElectricBass',7,0.08582842033960048,0.10200377255798065,0.0491183025647369,0.2068249576456637,0.005095731722452537,0.002972158504385008,0.0024749935570960034,0.0009556863451204346,0.05872193445721726,0.0,0.008535130854880188,0.037952765197408825,0.003054300385277067,0.0677835651508593,0.03289253159620397,0.03090881120322257,0.12894678335552026,0.15302118693172118,0.03605907541349131,0.017268438681862328,0.021351704170775216,0.037257863452661896,0.02735503175248626,0.028065506947200516,0.043652238201149,0.04284722288400977,0.01624752956729958,0.007308042254897374,0.030318693660269975,0.024321348204938194,0.03938636619626402,0.04916198249066267,0.05393788585340379,0.04871286406892151
23,'ElectricPiano',1,0.0773462690337193,0.09352162125209951,0.04063615125885573,0.2153071089515449,0.0135778830283337,0.011454309810266171,0.01095714486297717,0.009437837651001599,0.05693701947747185,0.008535130854880188,0.0,0.04643491650328999,0.011536451691158231,0.07626571645674046,0.024357400741323778,0.02237368034834238,0.12937788902438999,0.1556227699199241,0.027523944558611114,0.02281362524732132,0.020497567019181612,0.028740857712360623,0.01881990089760607,0.019530376092320324,0.03517008689526784,0.03431209202912958,0.00771239871241939,0.001388673337030138,0.03880084496615114,0.03280349951081935,0.03090421489038286,0.04062685163578248,0.04540275499852361,0.05232167330942555
23,'ElectricPiano',2,0.05439142000212097,0.07056677222050117,0.029209513301951748,0.17137419258165443,0.036619542269195594,0.034980606693023816,0.03547777164031282,0.03699707885228839,0.02728493411973777,0.037952765197408825,0.04643491650328999,0.0,0.03489846481213176,0.02986443387050551,0.02725598285268921,0.04784111819670828,0.0972707344893935,0.12134513806559442,0.03608974172657187,0.02362129125596867,0.02594653908120521,0.036013596164587124,0.04918009977789881,0.04500971257971039,0.05566896045571327,0.048795758285073564,0.054004219257213874,0.04504624316625985,0.013964386916565449,0.0176106284219051,0.03624653247794845,0.01756131340460067,0.022333805010856966,0.017120863707156486
23,'ElectricPiano',4,0.08888272072487753,0.10505807294325774,0.05217260295001397,0.20592684594970564,0.002041431337175469,0.0001603085334474528,0.0005925376028813402,0.002147053288401334,0.06177623484249433,0.003054300385277067,0.011536451691158231,0.03489846481213176,0.0,0.06472926476558223,0.03584577118646204,0.03386205079348064,0.13190002294577832,0.15597442652197926,0.03901231500374938,0.0202216782721204,0.02430494376103329,0.04027730940351886,0.030308271342744334,0.031018746537458588,0.04670653858642607,0.04581396881366989,0.01920076915755765,0.010261281845155448,0.027264393274992905,0.021267047819661124,0.04244066658154109,0.05211522208092074,0.05689112544366187,0.051666103659179584
23,'ElectricPiano',5,0.042557782599527576,0.05873313481790777,0.05904031325540222,0.15954055517906104,0.06268783342840677,0.06481140664647429,0.0653085715937633,0.06682787880573886,0.020222913166763962,0.0677835651508593,0.07626571645674046,0.02986443387050551,0.06472926476558223,0.0,0.05709680939653385,0.07767191815015874,0.08547073100385515,0.10954513458005606,0.06592054168002233,0.05345408560639816,0.055810972951710724,0.0658443961180376,0.0790108997313493,0.07485529542826432,0.08549976040916374,0.07862655823852403,0.08383501921066434,0.07488619279416446,0.037490231242532146,0.043502914758233,0.06607733243139892,0.04333817279618052,0.04701416784107689,0.02394404314731492
23,'ElectricPiano',6,0.05315132994538289,0.06932668216376307,0.016441212170519318,0.1961812030626168,0.037836024999272806,0.03568546265301459,0.0352532335835807,0.033698717898060705,0.03792054747985844,0.03289253159620397,0.024357400741323778,0.02725598285268921,0.03584577118646204,0.05709680939653385,0.0,0.020585135344019064,0.11019895537378921,0.1364438362693233,0.00883375887388266,0.015624092914341636,0.011573624349186453,0.008757613311897915,0.02192411692520961,0.017758486031730466,0.028412977603024064,0.021539775432384348,0.026748236404524662,0.025584489341306593,0.01962191131555036,0.018850718478643187,0.008990549625259239,0.016321223347862585,0.02109371495411888,0.03320318083652562
29,'Kantele',1,0.05509215441260093,0.07126750663098112,0.01939963281284714,0.21672344248087252,0.03585230460629141,0.033708424431384554,0.0332695131905993,0.031714997505079306,0.058462786898114134,0.03090881120322257,0.02237368034834238,0.04784111819670828,0.03386205079348064,0.07767191815015874,0.020585135344019064,0.0,0.13078409071780828,0.15702897161334237,0.011802905447686416,0.024219826940739597,0.021903768712599896,0.011965212873924068,0.0035537794507363094,0.0028909564864947044,0.012915972274149465,0.012023402501393285,0.014684811867194501,0.023642787958148517,0.040207046659569416,0.034209701204237636,0.012111216450234039,0.03434262188161874,0.030663215080237536,0.053745420254781316
34,'Organ',1,0.08901266619695047,0.07131700778695353,0.11215248582305176,0.08601471599432477,0.13389027675858908,0.13173971441233087,0.13130748534289696,0.12975296965737698,0.07333508573441348,0.12894678335552026,0.12937788902438999,0.0972707344893935,0.13190002294577832,0.08547073100385515,0.11019895537378921,0.13078409071780828,0.0,0.026244880895534103,0.11903271424767187,0.1116783446736579,0.10888065062346892,0.11895656868568712,0.1321230722989988,0.12795268510081037,0.13861193297681326,0.13173873080617357,0.13694719177831385,0.12798921568735985,0.11123512140595894,0.11487429901604174,0.11918950499904844,0.09645034536383003,0.10012634040872642,0.08023391928659873
34,'Organ',2,0.11525754709248459,0.09756188868248765,0.13839736671858585,0.05977400605727439,0.15796468033479003,0.15581411798853181,0.1553818889190979,0.1538273732335779,0.09957996662994757,0.15302118693172118,0.1556227699199241,0.12134513806559442,0.15597442652197926,0.10954513458005606,0.1364438362693233,0.15702897161334237,0.026244880895534103,0.0,0.14527759514320596,0.13575274824985883,0.13512520290074245,0.14520144958122125,0.15836795319453292,0.15419756599634446,0.16485681387234738,0.15798361170170766,0.16319207267384797,0.15423409658289397,0.13530952498215987,0.13894870259224265,0.14543438589458255,0.12269522625936415,0.1263712213042605,0.10430832286279966
34,'Organ',3,0.04989036122478218,0.06606571344316237,0.013180243449918605,0.20496193417482675,0.04103379083727083,0.038910217619203304,0.03841977740086804,0.03689374545993873,0.04665988145042773,0.03605907541349131,0.027523944558611114,0.03608974172657187,0.03901231500374938,0.06592054168002233,0.00883375887388266,0.011802905447686416,0.11903271424767187,0.14527759514320596,0.0,0.018877029441527193,0.014834593069787167,0.0012849499034234956,0.013090358051326953,0.009019152061161178,0.019579218729141406,0.012706016558501688,0.01988660505501325,0.028844581145967264,0.028455670189433017,0.022458324734101236,0.0034483070814457298,0.02258236888384182,0.018906373838945445,0.04197649853270743
34,'Organ',4,0.06876739066630937,0.08494274288468957,0.0320572728914458,0.19253847927248113,0.022211932084931163,0.020061369738672948,0.01962914066923906,0.018074624983719065,0.04166090478392616,0.017268438681862328,0.02281362524732132,0.02362129125596867,0.0202216782721204,0.05345408560639816,0.015624092914341636,0.024219826940739597,0.1116783446736579,0.13575274824985883,0.018877029441527193,0.0,0.004083265488912893,0.02016197934495069,0.02555880852193015,0.02140120982186616,0.032047669199744604,0.02569863875510173,0.0303829280012452,0.021432107187766298,0.01598721971882982,0.009989874263498037,0.022325336522972927,0.03193728406878906,0.03670977567504536,0.03149683437134488
34,'Organ',5,0.06472495429456934,0.08090030651294954,0.028014836519705776,0.19489536661779372,0.02629519757384406,0.02414463522758584,0.023712406158151955,0.022157890472631957,0.037618468412186135,0.021351704170775216,0.020497567019181612,0.02594653908120521,0.02430494376103329,0.055810972951710724,0.011573624349186453,0.021903768712599896,0.10888065062346892,0.13512520290074245,0.014834593069787167,0.004083265488912893,0.0,0.016119542973210662,0.023242750293790446,0.019072363095602007,0.0297316109716049,0.02285840880096518,0.028066869773105494,0.019108893682151476,0.01832074170917858,0.012308058193477722,0.0182829001512329,0.02789484769704904,0.032667339303305336,0.03191734439170249
34,'Organ',6,0.04860541132135868,0.06478076353973887,0.011895293546495109,0.204885788612842,0.042318740740694326,0.0401951675226268,0.039698002575337794,0.03817869536336222,0.04649757402419007,0.037257863452661896,0.028740857712360623,0.036013596164587124,0.04027730940351886,0.0658443961180376,0.008757613311897915,0.011965212873924068,0.11895656868568712,0.14520144958122125,0.0012849499034234956,0.02016197934495069,0.016119542973210662,0.0,0.01325032920045454,0.00937769957773695,0.019655364291126153,0.012834862141683272,0.021171554958436745,0.030129531049390767,0.028379524627448267,0.02339663710266739,0.0021633571780222344,0.022506223321857075,0.0188302282769607,0.04190035297072267
36,'Piano',6,0.05859206860867716,0.07476742082705735,0.021881950833813585,0.21805229222615372,0.03233208345337585,0.030208510235308322,0.029715733739862995,0.028192038076043747,0.059747903224644607,0.02735503175248626,0.01881990089760607,0.04918009977789881,0.030308271342744334,0.0790108997313493,0.02192411692520961,0.0035537794507363094,0.1321230722989988,0.15836795319453292,0.013090358051326953,0.02555880852193015,0.023242750293790446,0.01325032920045454,0.0,0.004170387198188439,0.016415886470225696,0.015523316697469517,0.01118489767111827,0.020142873762072286,0.04154602824075997,0.035548682785428186,0.01339633277676451,0.03567272693516877,0.0319967318902724,0.055066856584034374
36,'Piano',7,0.05798311089909563,0.07415846311747583,0.02127299312423206,0.21393968909434727,0.03300900035026935,0.030858438004011137,0.030426208934577245,0.02887169324905725,0.0556790335115889,0.028065506947200516,0.019530376092320324,0.04500971257971039,0.031018746537458588,0.07485529542826432,0.017758486031730466,0.0028909564864947044,0.12795268510081037,0.15419756599634446,0.009019152061161178,0.02140120982186616,0.019072363095602007,0.00937769957773695,0.004170387198188439,0.0,0.015806928760644167,0.014914358987887991,0.011817977379900937,0.020757464692303138,0.03737564104257153,0.03137829558723975,0.011541056755759185,0.031558868495093505,0.0278794616937123,0.050961666868256074
36,'Piano',8,0.05068314265822707,0.06770407071278832,0.027032733561331446,0.22454115290396814,0.04874796992360154,0.04662439670553401,0.04612723175824501,0.04460792454626944,0.06609588764659845,0.043652238201149,0.03517008689526784,0.05566896045571327,0.04670653858642607,0.08549976040916374,0.028412977603024064,0.012915972274149465,0.13861193297681326,0.16485681387234738,0.019579218729141406,0.032047669199744604,0.0297316109716049,0.019655364291126153,0.016415886470225696,0.015806928760644167,0.0,0.006873202170639719,0.027600784141343964,0.03655876023229798,0.048034888918574416,0.04203754346324264,0.01974431719871834,0.04216158761298322,0.03848559256808685,0.06155571726184883
36,'Piano',9,0.04391969117750197,0.06094061923206321,0.020269282080606348,0.21766795073332842,0.04785540015084536,0.04573182693277783,0.04523466198548883,0.043715354773513265,0.05933243616587334,0.04284722288400977,0.03431209202912958,0.048795758285073564,0.04581396881366989,0.07862655823852403,0.021539775432384348,0.012023402501393285,0.13173873080617357,0.15798361170170766,0.012706016558501688,0.02569863875510173,0.02285840880096518,0.012834862141683272,0.015523316697469517,0.014914358987887991,0.006873202170639719,0.0,0.02670821436858779,0.0356661904595418,0.0411616867479347,0.03516434129260292,0.012980865717993242,0.03528838544234351,0.03161239039744713,0.054682515091209104
36,'Piano',10,0.06977696627979542,0.08595231849817563,0.033066848504931856,0.22291007377264963,0.021191022970368414,0.0190404606241102,0.01860823155467631,0.017053715869156317,0.06464941818989124,0.01624752956729958,0.00771239871241939,0.054004219257213874,0.01920076915755765,0.08383501921066434,0.026748236404524662,0.014684811867194501,0.13694719177831385,0.16319207267384797,0.01988660505501325,0.0303829280012452,0.028066869773105494,0.021171554958436745,0.01118489767111827,0.011817977379900937,0.027600784141343964,0.02670821436858779,0.0,0.008957976090954016,0.04637014772007502,0.040372802264743234,0.02333491213645898,0.04052925317339585,0.03771935128853142,0.059932051546558424
36,'Piano',11,0.07873494237074945,0.09491029458912964,0.04202482459588588,0.21397058646024744,0.012251535657966212,0.010100973311707994,0.009668744242274107,0.008114228556754113,0.055709930877489044,0.007308042254897374,0.001388673337030138,0.04504624316625985,0.010261281845155448,0.07488619279416446,0.025584489341306593,0.023642787958148517,0.12798921568735985,0.15423409658289397,0.028844581145967264,0.021432107187766298,0.019108893682151476,0.030129531049390767,0.020142873762072286,0.020757464692303138,0.03655876023229798,0.0356661904595418,0.008957976090954016,0.0,0.037412171629121,0.03141482617378922,0.032292888227413,0.04190483577322914,0.046677327379485434,0.05099256423415622
45,'Trombone',1,0.0683475327535742,0.08452288497195441,0.031637414978710636,0.18533030533310765,0.025222961937817437,0.027346535155884966,0.02784370010317397,0.029363007315149542,0.04124104687119099,0.030318693660269975,0.03880084496615114,0.013964386916565449,0.027264393274992905,0.037490231242532146,0.01962191131555036,0.040207046659569416,0.11123512140595894,0.13530952498215987,0.028455670189433017,0.01598721971882982,0.01832074170917858,0.028379524627448267,0.04154602824075997,0.03737564104257153,0.048034888918574416,0.0411616867479347,0.04637014772007502,0.037412171629121,0.0,0.006012683515700858,0.028612460940809593,0.0315174261560539,0.0362899177623102,0.031076976458609712
45,'Trombone',3,0.07200204842402608,0.08817740064240627,0.03529193064916251,0.18898482100355954,0.019225616482485657,0.021349189700553186,0.02184635464784219,0.023365661859817758,0.04489556254164286,0.024321348204938194,0.03280349951081935,0.0176106284219051,0.021267047819661124,0.043502914758233,0.018850718478643187,0.034209701204237636,0.11487429901604174,0.13894870259224265,0.022458324734101236,0.009989874263498037,0.012308058193477722,0.02339663710266739,0.035548682785428186,0.03137829558723975,0.04203754346324264,0.03516434129260292,0.040372802264743234,0.03141482617378922,0.006012683515700858,0.0,0.02555999428068963,0.03517194182650577,0.03994443343276207,0.034731492129061584
45,'Trombone',4,0.04644205414333644,0.06261740636171664,0.009731936368472876,0.20511872492620334,0.044482097918716566,0.042358524700649026,0.04186135975336003,0.04034205254138446,0.0463515704478801,0.03938636619626402,0.03090421489038286,0.03624653247794845,0.04244066658154109,0.06607733243139892,0.008990549625259239,0.012111216450234039,0.11918950499904844,0.14543438589458255,0.0034483070814457298,0.022325336522972927,0.0182829001512329,0.0021633571780222344,0.01339633277676451,0.011541056755759185,0.01974431719871834,0.012980865717993242,0.02333491213645898,0.032292888227413,0.028612460940809593,0.02555999428068963,0.0,0.022739159635218397,0.019063164590322024,0.042133289284084
47,'Tuba',1,0.036830106597520305,0.0530054588159005,0.015702140459221702,0.18238082059925378,0.05410547589373151,0.05197047224646517,0.0515226844780394,0.04996816879251941,0.024120165016495398,0.04916198249066267,0.04062685163578248,0.01756131340460067,0.05211522208092074,0.04333817279618052,0.016321223347862585,0.03434262188161874,0.09645034536383003,0.12269522625936415,0.02258236888384182,0.03193728406878906,0.02789484769704904,0.022506223321857075,0.03567272693516877,0.031558868495093505,0.04216158761298322,0.03528838544234351,0.04052925317339585,0.04190483577322914,0.0315174261560539,0.03517194182650577,0.022739159635218397,0.0,0.004775903362741128,0.019402798373162573
47,'Tuba',2,0.03205761499126401,0.048232967209644206,0.012026145414325326,0.186060227400635,0.05888137925647263,0.05674296385272146,0.05629858784078053,0.05474407215526054,0.0277995718178766,0.05393788585340379,0.04540275499852361,0.022333805010856966,0.05689112544366187,0.04701416784107689,0.02109371495411888,0.030663215080237536,0.10012634040872642,0.1263712213042605,0.018906373838945445,0.03670977567504536,0.032667339303305336,0.0188302282769607,0.0319967318902724,0.0278794616937123,0.03848559256808685,0.03161239039744713,0.03771935128853142,0.046677327379485434,0.0362899177623102,0.03994443343276207,0.019063164590322024,0.004775903362741128,0.0,0.02308220517454378
47,'Tuba',3,0.03727055629496449,0.053445908513344687,0.0350962701080873,0.16298543564211934,0.05365635747199035,0.05153002254902098,0.05107356605629824,0.04951905037077825,0.01016407041258128,0.04871286406892151,0.05232167330942555,0.017120863707156486,0.051666103659179584,0.02394404314731492,0.03320318083652562,0.053745420254781316,0.08023391928659873,0.10430832286279966,0.04197649853270743,0.03149683437134488,0.03191734439170249,0.04190035297072267,0.055066856584034374,0.050961666868256074,0.06155571726184883,0.054682515091209104,0.059932051546558424,0.05099256423415622,0.031076976458609712,0.034731492129061584,0.042133289284084,0.019402798373162573,0.02308220517454378,0.0
