% Distances between instruments for pitch 29 (F1)
@RELATION distances

@ATTRIBUTE 'InstrumentId' NUMERIC
@ATTRIBUTE 'Instrument' STRING
@ATTRIBUTE 'StyleId' NUMERIC
@ATTRIBUTE 'Distance to instrument 6 (Bass), style 1' NUMERIC
@ATTRIBUTE 'Distance to instrument 6 (Bass), style 2' NUMERIC
@ATTRIBUTE 'Distance to instrument 13 (Contrabassoon), style 1' NUMERIC
@ATTRIBUTE 'Distance to instrument 21 (ElectricBass), style 1' NUMERIC
@ATTRIBUTE 'Distance to instrument 21 (ElectricBass), style 2' NUMERIC
@ATTRIBUTE 'Distance to instrument 21 (ElectricBass), style 3' NUMERIC
@ATTRIBUTE 'Distance to instrument 21 (ElectricBass), style 4' NUMERIC
@ATTRIBUTE 'Distance to instrument 21 (ElectricBass), style 5' NUMERIC
@ATTRIBUTE 'Distance to instrument 21 (ElectricBass), style 6' NUMERIC
@ATTRIBUTE 'Distance to instrument 21 (ElectricBass), style 7' NUMERIC
@ATTRIBUTE 'Distance to instrument 23 (ElectricPiano), style 1' NUMERIC
@ATTRIBUTE 'Distance to instrument 23 (ElectricPiano), style 2' NUMERIC
@ATTRIBUTE 'Distance to instrument 23 (ElectricPiano), style 3' NUMERIC
@ATTRIBUTE 'Distance to instrument 23 (ElectricPiano), style 4' NUMERIC
@ATTRIBUTE 'Distance to instrument 23 (ElectricPiano), style 5' NUMERIC
@ATTRIBUTE 'Distance to instrument 23 (ElectricPiano), style 6' NUMERIC
@ATTRIBUTE 'Distance to instrument 29 (Kantele), style 1' NUMERIC
@ATTRIBUTE 'Distance to instrument 34 (Organ), style 1' NUMERIC
@ATTRIBUTE 'Distance to instrument 34 (Organ), style 2' NUMERIC
@ATTRIBUTE 'Distance to instrument 34 (Organ), style 3' NUMERIC
@ATTRIBUTE 'Distance to instrument 34 (Organ), style 4' NUMERIC
@ATTRIBUTE 'Distance to instrument 34 (Organ), style 5' NUMERIC
@ATTRIBUTE 'Distance to instrument 34 (Organ), style 6' NUMERIC
@ATTRIBUTE 'Distance to instrument 36 (Piano), style 6' NUMERIC
@ATTRIBUTE 'Distance to instrument 36 (Piano), style 7' NUMERIC
@ATTRIBUTE 'Distance to instrument 36 (Piano), style 8' NUMERIC
@ATTRIBUTE 'Distance to instrument 36 (Piano), style 9' NUMERIC
@ATTRIBUTE 'Distance to instrument 36 (Piano), style 10' NUMERIC
@ATTRIBUTE 'Distance to instrument 36 (Piano), style 11' NUMERIC
@ATTRIBUTE 'Distance to instrument 45 (Trombone), style 1' NUMERIC
@ATTRIBUTE 'Distance to instrument 45 (Trombone), style 3' NUMERIC
@ATTRIBUTE 'Distance to instrument 45 (Trombone), style 4' NUMERIC
@ATTRIBUTE 'Distance to instrument 47 (Tuba), style 1' NUMERIC
@ATTRIBUTE 'Distance to instrument 47 (Tuba), style 2' NUMERIC
@ATTRIBUTE 'Distance to instrument 47 (Tuba), style 3' NUMERIC

@DATA
6,'Bass',1,0.0,0.09414945231453735,0.028021286632632102,0.06990660675767642,0.0717494987354128,0.07184450793325971,0.07062477535954427,0.06999559291614221,0.13576547071336784,0.06881041291620262,0.06020774581899497,0.03275553485379723,0.057472602549330565,0.07161567654593222,0.04240699524582089,0.032382742946489296,0.04096064346650879,0.1360619873833524,0.10205008104902928,0.03481349417401019,0.04645365805374913,0.05023937490637901,0.03006511515795107,0.05910952826378738,0.03077437812841899,0.016715244321471937,0.036306431025699304,0.0502747636779402,0.0498595336773718,0.03426134182026435,0.05457897114535282,0.030755048942707832,0.02496506951075803,0.01766113699784456,0.04179898986813405
6,'Bass',2,0.09414945231453735,0.0,0.10943158708769947,0.1512857766837722,0.15315383468585927,0.1532236778593555,0.15203606496374164,0.15137476284223797,0.0416692157259291,0.15019818957100872,0.14158691574509075,0.114134704779893,0.13889196540266158,0.152994846472028,0.12378616517191667,0.11376191287258507,0.12637900021681628,0.04191253506881506,0.024560469657373324,0.11619266410010597,0.12784136480152988,0.1316185448324748,0.11697539679891332,0.14052048429065872,0.12041805877742563,0.11064310574115337,0.12131269736683896,0.13165393360403596,0.13123870360346757,0.10512396114373156,0.13595814107144857,0.1123627442040039,0.1063442394368538,0.09904030692394034,0.12317815979422982
13,'Contrabassoon',1,0.028021286632632102,0.10943158708769947,0.0,0.04188532012504432,0.04372821210278069,0.04382322130062762,0.042604477876042164,0.041974306283510114,0.13892633872829957,0.04078912628357051,0.03218645918636288,0.0275819258307534,0.029460378314962104,0.04359438991330011,0.02801336283042431,0.004361456313857198,0.029110142076726433,0.13920078860015714,0.10518888226583402,0.013989448884692631,0.018432371421117033,0.022218088273746914,0.019718273796542837,0.031088897202959265,0.02316093577505517,0.016839100511342815,0.024055574364468476,0.024839228971132516,0.0218382470447397,0.037400143037069074,0.026557684512720715,0.013657073960420716,0.0031014456687528647,0.010397103762526907,0.013777703235501959
21,'ElectricBass',1,0.06990660675767642,0.1512857766837722,0.04188532012504432,0.0,0.0018829543404953102,0.0019379011755832974,0.0007651846183776833,8.89861584657939e-05,0.1680319753773194,0.001096193841473809,0.009698860938681447,0.04332704693125098,0.012434004208345862,0.0017094978816659327,0.0437631460637446,0.037529366677140005,0.028945963291167626,0.15682859833611412,0.1267344159211443,0.035095018460789974,0.02345294870392729,0.019675629002427027,0.03984149159972535,0.010797078493889029,0.03913222862925743,0.05870022454775992,0.033600175731977114,0.019631843079736224,0.020047085013402088,0.05314371840940052,0.03110614834979533,0.039215916784310224,0.044941537246918385,0.05224546975983185,0.02811075190731727
21,'ElectricBass',2,0.0717494987354128,0.15315383468585927,0.04372821210278069,0.0018829543404953102,0.0,9.500919784693026e-05,0.0011247233758685043,0.0017992249247308584,0.16987486735505578,0.002955645114850538,0.011577797068511692,0.04148260922534847,0.01427689618608223,0.00017345645882937768,0.041914046225019375,0.03941232101763532,0.030802286155535347,0.15871155267660944,0.12861737026163958,0.036977972801285286,0.02531246988432939,0.021558583342922336,0.04172152348522722,0.012639970471625397,0.04100031962187086,0.06056134810950261,0.035478191590436546,0.021514591653927106,0.021930039353897396,0.05130082643166415,0.029263256372058965,0.04105880876204659,0.04682369326691266,0.054119351360686706,0.02999370624781258
21,'ElectricBass',3,0.07184450793325971,0.1532236778593555,0.04382322130062762,0.0019379011755832974,9.500919784693026e-05,0.0,0.0012197325737154346,0.0018489150171175034,0.16996987655290272,0.0030340950170571063,0.011636762114264744,0.041394598366824305,0.014371905383929162,0.0002288313873274988,0.04183069749931793,0.03946181524156669,0.030883864466750927,0.1587610469005408,0.12866686448557096,0.037031013759249526,0.025390849879510582,0.021608077566853706,0.04177939277530865,0.012734979669472325,0.041070129804840726,0.06063812572334323,0.03553807690756041,0.021569744255319517,0.021984974255887923,0.05120581723381722,0.02916824717421203,0.041153817959893514,0.04687943842250169,0.05418337093541515,0.030045518065125662
21,'ElectricBass',4,0.07062477535954427,0.15203606496374164,0.042604477876042164,0.0007651846183776833,0.0011247233758685043,0.0012197325737154346,0.0,0.0006814552026132314,0.16875014397918728,0.0018378753927329107,0.010460027346394065,0.04260733260121697,0.013152172810213726,0.0009909011863879359,0.04303876960088788,0.03829455129551769,0.029684516433417716,0.1575937829544918,0.12749960053952197,0.03586020307916766,0.02419470016221176,0.020440813620804712,0.040603753763109596,0.0115155806730829,0.039882549899753234,0.05944357838738498,0.034360421868318926,0.02039682193180948,0.020812269631779772,0.05242554980753265,0.03038797974792747,0.039934085386178084,0.04570592354479503,0.05300158163856907,0.028875936525694954
21,'ElectricBass',5,0.06999559291614221,0.15137476284223797,0.041974306283510114,8.89861584657939e-05,0.0017992249247308584,0.0018489150171175034,0.0006814552026132314,0.0,0.16812096153578518,0.0011851799999396029,0.00978784709714724,0.043243317515486525,0.012522990366811657,0.0016257684659014805,0.04367941664798015,0.037613096092904454,0.02903494944963342,0.15691232775187855,0.12681814533690874,0.03518209874213202,0.023541934862393078,0.01975935841819148,0.03993047775819115,0.010886064652354822,0.039221214787723224,0.058789210706225725,0.03368916189044291,0.01972082923820202,0.020136059238770414,0.05305473225093472,0.031017162191329536,0.03930490294277602,0.04503052340538418,0.052334455918297655,0.028196603048008157
21,'ElectricBass',6,0.13576547071336784,0.0416692157259291,0.13892633872829957,0.1680319753773194,0.16987486735505578,0.16996987655290272,0.16875014397918728,0.16812096153578518,0.0,0.16693578153584562,0.1644107836960272,0.13088090347344022,0.15559797116897353,0.1697410451655752,0.1405323638654639,0.13952851569932825,0.168036480805026,0.011212437449843168,0.04130666835092054,0.1529157876129922,0.14457902667339212,0.148364743526022,0.1586446125248424,0.16546633702271607,0.16208727450335472,0.15230538702673807,0.16298191309276805,0.1637655676994321,0.15890200785284142,0.12187015983727877,0.15270433976499578,0.1525613458905933,0.13986875786161543,0.13884972433041556,0.13992435848777704
21,'ElectricBass',7,0.06881041291620262,0.15019818957100872,0.04078912628357051,0.001096193841473809,0.002955645114850538,0.0030340950170571063,0.0018378753927329107,0.0011851799999396029,0.16693578153584562,0.0,0.008622151953661155,0.044421695044558646,0.011337810366872056,0.0028052636297296075,0.044853132044229554,0.03645667590278478,0.02784976944969382,0.15604055781396237,0.12566172514678906,0.034022327686434754,0.022356824769478853,0.0186029382280718,0.038765878370376684,0.00970088465241522,0.03804467450702032,0.057605702994652064,0.03252254647558601,0.01855894653907657,0.01897439423904686,0.05423991225087432,0.03220234219126914,0.038119722942836415,0.04386804815206211,0.05116370624583616,0.027038061132962043
23,'ElectricPiano',1,0.06020774581899497,0.14158691574509075,0.03218645918636288,0.009698860938681447,0.011577797068511692,0.011636762114264744,0.010460027346394065,0.00978784709714724,0.1644107836960272,0.008622151953661155,0.0,0.053024362141766285,0.01855128688915349,0.011407930726937245,0.05345798879176098,0.027834523949123623,0.01924710235248618,0.16464322491117,0.1306313185768469,0.025400175732773592,0.025537268383562017,0.02445842711962337,0.03014372641671553,0.001098217555207582,0.029433367690575984,0.049001363609078474,0.02390131479329567,0.009936794585415415,0.010352242285385704,0.06284257934808196,0.04080500928847678,0.029517055845628776,0.03524589619840097,0.04254660882115041,0.026724488728869816
23,'ElectricPiano',2,0.03275553485379723,0.114134704779893,0.0275819258307534,0.04332704693125098,0.04148260922534847,0.041394598366824305,0.04260733260121697,0.043243317515486525,0.13088090347344022,0.044421695044558646,0.053024362141766285,0.0,0.034524146307591215,0.04161754904958505,0.009656122524846381,0.028139621662568375,0.056672672516227596,0.11967907216040106,0.08958488974543123,0.04152689357623234,0.027506508707632406,0.028575877901438673,0.04725709521490984,0.05412257969697387,0.05071169808631062,0.04093677804056469,0.051596411809877916,0.05237667366267223,0.047513113816081566,0.009818217206315679,0.021823436291555583,0.04123899979117412,0.028479863824855553,0.02746835730513004,0.026304554158837517
23,'ElectricPiano',3,0.057472602549330565,0.13889196540266158,0.029460378314962104,0.012434004208345862,0.01427689618608223,0.014371905383929162,0.013152172810213726,0.012522990366811657,0.15559797116897353,0.011337810366872056,0.01855128688915349,0.034524146307591215,0.0,0.014143073996601661,0.03495558330726212,0.025150451734437626,0.02217698399815227,0.14614300907699493,0.11435550097844192,0.0227161035180876,0.0110506006011317,0.007296714059724649,0.027459654202029532,0.019606840215842327,0.02673845033867317,0.04629947882630492,0.021216322307238866,0.017906070892558357,0.013042511045967695,0.04434236351390689,0.022304793454301707,0.02678191257596436,0.03256182398371497,0.039857482077489015,0.01573183696461489
23,'ElectricPiano',4,0.07161567654593222,0.152994846472028,0.04359438991330011,0.0017094978816659327,0.00017345645882937768,0.0002288313873274988,0.0009909011863879359,0.0016257684659014805,0.1697410451655752,0.0028052636297296075,0.011407930726937245,0.04161754904958505,0.014143073996601661,0.0,0.04205364818207868,0.03923886455880594,0.030655033079423428,0.15853809621778006,0.12844391380281023,0.036804516342455906,0.025162018492183084,0.02138512688409296,0.041550561387981154,0.012506148282144828,0.04084129841751323,0.06040929433601572,0.03530924552023291,0.021341135195097727,0.02175658289506802,0.05143464862114472,0.02939707856153953,0.04092498657256602,0.04665060703517419,0.053954539548087654,0.029820249788983205
23,'ElectricPiano',5,0.04240699524582089,0.12378616517191667,0.02801336283042431,0.0437631460637446,0.041914046225019375,0.04183069749931793,0.04303876960088788,0.04367941664798015,0.1405323638654639,0.044853132044229554,0.05345798879176098,0.009656122524846381,0.03495558330726212,0.04205364818207868,0.0,0.028575720795062,0.0571041095158985,0.12933519468524746,0.09924101227027764,0.041962992708725964,0.02793794570730331,0.0290119770339323,0.04769181762057617,0.05455401669664477,0.05114313508598153,0.0413682150402356,0.05202911818850181,0.05281277279516585,0.04794921294857519,0.01867660942869777,0.012663595994017054,0.04167043679084503,0.02891596295734918,0.027899794304800943,0.026740653291331143
23,'ElectricPiano',6,0.032382742946489296,0.11376191287258507,0.004361456313857198,0.037529366677140005,0.03941232101763532,0.03946181524156669,0.03829455129551769,0.037613096092904454,0.13952851569932825,0.03645667590278478,0.027834523949123623,0.028139621662568375,0.025150451734437626,0.03923886455880594,0.028575720795062,0.0,0.028540099447778244,0.13975143583785307,0.10573952950352995,0.013390868902493094,0.014099851133305925,0.017856631959889718,0.01912452214646049,0.026778970622434787,0.022579125017861263,0.021176360736572804,0.02346383874142856,0.024242760632361166,0.01937898308636861,0.03795079027476503,0.022196228198863518,0.013106426722724768,0.007417673435731267,0.014721605948644736,0.009418614769822734
29,'Kantele',1,0.04096064346650879,0.12637900021681628,0.029110142076726433,0.028945963291167626,0.030802286155535347,0.030883864466750927,0.029684516433417716,0.02903494944963342,0.168036480805026,0.02784976944969382,0.01924710235248618,0.056672672516227596,0.02217698399815227,0.030655033079423428,0.0571041095158985,0.028540099447778244,0.0,0.16829153528563132,0.1342796289513082,0.015149230545285148,0.029166163808595186,0.028106737494084683,0.010919237329691876,0.018168935760334817,0.010198033466335518,0.02975906195396726,0.00507626070634968,0.009314120211431404,0.009161116361409634,0.06649088972254327,0.044453319662938084,0.01571482189187606,0.028193556099037138,0.029204315211097554,0.030372799103331127
34,'Organ',1,0.1360619873833524,0.04191253506881506,0.13920078860015714,0.15682859833611412,0.15871155267660944,0.1587610469005408,0.1575937829544918,0.15691232775187855,0.011212437449843168,0.15604055781396237,0.16464322491117,0.11967907216040106,0.14614300907699493,0.15853809621778006,0.12933519468524746,0.13975143583785307,0.16829153528563132,0.0,0.03401195482043066,0.15314230474034615,0.13912537147703613,0.14018479779154663,0.15887595798431356,0.1657414424663776,0.16233056085571435,0.15255564080996842,0.16321527457928162,0.16399419647021424,0.15913041892422167,0.11065858525654969,0.14149436444372274,0.15285786256057785,0.14009797918659417,0.13908722007453375,0.1379187361823002
34,'Organ',2,0.10205008104902928,0.024560469657373324,0.10518888226583402,0.1267344159211443,0.12861737026163958,0.12866686448557096,0.12749960053952197,0.12681814533690874,0.04130666835092054,0.12566172514678906,0.1306313185768469,0.08958488974543123,0.11435550097844192,0.12844391380281023,0.09924101227027764,0.10573952950352995,0.1342796289513082,0.03401195482043066,0.0,0.11913039840602306,0.10511346514271303,0.10705878691871727,0.12486405164999044,0.1317295361320545,0.1283186545213912,0.11854373447564531,0.1292033682449585,0.12998229013589113,0.12511851258989856,0.08056440284157985,0.1114001820287529,0.11884595622625473,0.10608607285227106,0.10507531374021066,0.10390682984797707
34,'Organ',3,0.03481349417401019,0.11619266410010597,0.013989448884692631,0.035095018460789974,0.036977972801285286,0.037031013759249526,0.03586020307916766,0.03518209874213202,0.1529157876129922,0.034022327686434754,0.025400175732773592,0.04152689357623234,0.0227161035180876,0.036804516342455906,0.041962992708725964,0.013390868902493094,0.015149230545285148,0.15314230474034615,0.11913039840602306,0.0,0.014042272300526994,0.015425880732368821,0.005733653243967399,0.02434462240608476,0.009188256115368172,0.023607111964093697,0.010072969838935469,0.01546338114735818,0.01504793344738789,0.051341659177258116,0.029304089117652938,0.004122804200643995,0.013047029751376782,0.01715235717616563,0.015223568558045977
34,'Organ',4,0.04645365805374913,0.12784136480152988,0.018432371421117033,0.02345294870392729,0.02531246988432939,0.025390849879510582,0.02419470016221176,0.023541934862393078,0.14457902667339212,0.022356824769478853,0.025537268383562017,0.027506508707632406,0.0110506006011317,0.025162018492183084,0.02793794570730331,0.014099851133305925,0.029166163808595186,0.13912537147703613,0.10511346514271303,0.014042272300526994,0.0,0.0037857168526298814,0.019771097212377204,0.02661607098934146,0.023213759190889537,0.03524887822517322,0.024108397780302836,0.024892052386966883,0.020028492540376225,0.03732472591394809,0.0152871558543429,0.015762968080382935,0.021511223382583267,0.02880688147635731,0.004681236363483191
34,'Organ',5,0.05023937490637901,0.1316185448324748,0.022218088273746914,0.019675629002427027,0.021558583342922336,0.021608077566853706,0.020440813620804712,0.01975935841819148,0.148364743526022,0.0186029382280718,0.02445842711962337,0.028575877901438673,0.007296714059724649,0.02138512688409296,0.0290119770339323,0.017856631959889718,0.028106737494084683,0.14018479779154663,0.10705878691871727,0.015425880732368821,0.0037857168526298814,0.0,0.020174259748427948,0.025556644674830955,0.0221457630641677,0.03903299269646252,0.023030476787735,0.023809398678667604,0.018945621132675047,0.03838435184006442,0.016348381039915247,0.019548684933012817,0.025274305395620988,0.03257823790853445,0.00844038503824496
34,'Organ',6,0.03006511515795107,0.11697539679891332,0.019718273796542837,0.03984149159972535,0.04172152348522722,0.04177939277530865,0.040603753763109596,0.03993047775819115,0.1586446125248424,0.038765878370376684,0.03014372641671553,0.04725709521490984,0.027459654202029532,0.041550561387981154,0.04769181762057617,0.01912452214646049,0.010919237329691876,0.15887595798431356,0.12486405164999044,0.005733653243967399,0.019771097212377204,0.020174259748427948,0.0,0.029088173090026693,0.0034546028714007733,0.018858732948034574,0.006243331894790671,0.02020964851998913,0.019794418519420726,0.05707531242122552,0.035037742361620335,0.006322953611692461,0.01877797879771939,0.01979488819442683,0.020957221802013374
36,'Piano',6,0.05910952826378738,0.14052048429065872,0.031088897202959265,0.010797078493889029,0.012639970471625397,0.012734979669472325,0.0115155806730829,0.010886064652354822,0.16546633702271607,0.00970088465241522,0.001098217555207582,0.05412257969697387,0.019606840215842327,0.012506148282144828,0.05455401669664477,0.026778970622434787,0.018168935760334817,0.1657414424663776,0.1317295361320545,0.02434462240608476,0.02661607098934146,0.025556644674830955,0.029088173090026693,0.0,0.02836696922667033,0.04792799771430208,0.022844841195236023,0.00888124125872658,0.009296688958696871,0.06394079690328953,0.04190322684368436,0.028418838290421192,0.03419034287171213,0.04148600096548617,0.0278227062840774
36,'Piano',7,0.03077437812841899,0.12041805877742563,0.02316093577505517,0.03913222862925743,0.04100031962187086,0.041070129804840726,0.039882549899753234,0.039221214787723224,0.16208727450335472,0.03804467450702032,0.029433367690575984,0.05071169808631062,0.02673845033867317,0.04084129841751323,0.05114313508598153,0.022579125017861263,0.010198033466335518,0.16233056085571435,0.1283186545213912,0.009188256115368172,0.023213759190889537,0.0221457630641677,0.0034546028714007733,0.02836696922667033,0.0,0.019567995918502494,0.005532052897280318,0.019500385549521205,0.01908515554895281,0.060529915292626295,0.03849234523302111,0.009765615590204795,0.022232581669120163,0.02324334078118058,0.024411824673414146
36,'Piano',8,0.016715244321471937,0.11064310574115337,0.016839100511342815,0.05870022454775992,0.06056134810950261,0.06063812572334323,0.05944357838738498,0.058789210706225725,0.15230538702673807,0.057605702994652064,0.049001363609078474,0.04093677804056469,0.04629947882630492,0.06040929433601572,0.0413682150402356,0.021176360736572804,0.02975906195396726,0.15255564080996842,0.11854373447564531,0.023607111964093697,0.03524887822517322,0.03903299269646252,0.018858732948034574,0.04792799771430208,0.019567995918502494,0.0,0.025100048815782813,0.039068381468023695,0.0386531514674553,0.050754995246880374,0.04337258893543632,0.019770257627647253,0.013758687300841538,0.013468420735434652,0.03059260765821756
36,'Piano',9,0.036306431025699304,0.12131269736683896,0.024055574364468476,0.033600175731977114,0.035478191590436546,0.03553807690756041,0.034360421868318926,0.03368916189044291,0.16298191309276805,0.03252254647558601,0.02390131479329567,0.051596411809877916,0.021216322307238866,0.03530924552023291,0.05202911818850181,0.02346383874142856,0.00507626070634968,0.16321527457928162,0.1292033682449585,0.010072969838935469,0.024108397780302836,0.023030476787735,0.006243331894790671,0.022844841195236023,0.005532052897280318,0.025100048815782813,0.0,0.013968332652240891,0.013553102651672491,0.06141462901619359,0.039377058956588405,0.010660254179618097,0.023117295392687462,0.024132188762352468,0.025296538396981445
36,'Piano',10,0.0502747636779402,0.13165393360403596,0.024839228971132516,0.019631843079736224,0.021514591653927106,0.021569744255319517,0.02039682193180948,0.01972082923820202,0.1637655676994321,0.01855894653907657,0.009936794585415415,0.05237667366267223,0.017906070892558357,0.021341135195097727,0.05281277279516585,0.024242760632361166,0.009314120211431404,0.16399419647021424,0.12998229013589113,0.01546338114735818,0.024892052386966883,0.023809398678667604,0.02020964851998913,0.00888124125872658,0.019500385549521205,0.039068381468023695,0.013968332652240891,0.0,0.004863777545992553,0.062193550907126194,0.040155980847521006,0.019584073704574,0.025309694167182165,0.03261362668009563,0.026075460287914045
36,'Piano',11,0.0498595336773718,0.13123870360346757,0.0218382470447397,0.020047085013402088,0.021930039353897396,0.021984974255887923,0.020812269631779772,0.020136059238770414,0.15890200785284142,0.01897439423904686,0.010352242285385704,0.047513113816081566,0.013042511045967695,0.02175658289506802,0.04794921294857519,0.01937898308636861,0.009161116361409634,0.15913041892422167,0.12511851258989856,0.01504793344738789,0.020028492540376225,0.018945621132675047,0.019794418519420726,0.009296688958696871,0.01908515554895281,0.0386531514674553,0.013553102651672491,0.004863777545992553,0.0,0.05732977336113363,0.035292203301528456,0.019168843704005598,0.024894464166613766,0.03219839667952724,0.021211682741921492
45,'Trombone',1,0.03426134182026435,0.10512396114373156,0.037400143037069074,0.05314371840940052,0.05130082643166415,0.05120581723381722,0.05242554980753265,0.05305473225093472,0.12187015983727877,0.05423991225087432,0.06284257934808196,0.009818217206315679,0.04434236351390689,0.05143464862114472,0.01867660942869777,0.03795079027476503,0.06649088972254327,0.11065858525654969,0.08056440284157985,0.051341659177258116,0.03732472591394809,0.03838435184006442,0.05707531242122552,0.06394079690328953,0.060529915292626295,0.050754995246880374,0.06141462901619359,0.062193550907126194,0.05732977336113363,0.0,0.03083577918717305,0.051057216997489795,0.03829733362350613,0.037286574511445715,0.036118090619212145
45,'Trombone',3,0.05457897114535282,0.13595814107144857,0.026557684512720715,0.03110614834979533,0.029263256372058965,0.02916824717421203,0.03038797974792747,0.031017162191329536,0.15270433976499578,0.03220234219126914,0.04080500928847678,0.021823436291555583,0.022304793454301707,0.02939707856153953,0.012663595994017054,0.022196228198863518,0.044453319662938084,0.14149436444372274,0.1114001820287529,0.029304089117652938,0.0152871558543429,0.016348381039915247,0.035037742361620335,0.04190322684368436,0.03849234523302111,0.04337258893543632,0.039377058956588405,0.040155980847521006,0.035292203301528456,0.03083577918717305,0.0,0.029019646937884613,0.02961390163459478,0.03691783414750825,0.014080520559606962
45,'Trombone',4,0.030755048942707832,0.1123627442040039,0.013657073960420716,0.039215916784310224,0.04105880876204659,0.041153817959893514,0.039934085386178084,0.03930490294277602,0.1525613458905933,0.038119722942836415,0.029517055845628776,0.04123899979117412,0.02678191257596436,0.04092498657256602,0.04167043679084503,0.013106426722724768,0.01571482189187606,0.15285786256057785,0.11884595622625473,0.004122804200643995,0.015762968080382935,0.019548684933012817,0.006322953611692461,0.028418838290421192,0.009765615590204795,0.019770257627647253,0.010660254179618097,0.019584073704574,0.019168843704005598,0.051057216997489795,0.029019646937884613,0.0,0.012759883373983668,0.01377064248604408,0.014939126378277651
47,'Tuba',1,0.02496506951075803,0.1063442394368538,0.0031014456687528647,0.044941537246918385,0.04682369326691266,0.04687943842250169,0.04570592354479503,0.04503052340538418,0.13986875786161543,0.04386804815206211,0.03524589619840097,0.028479863824855553,0.03256182398371497,0.04665060703517419,0.02891596295734918,0.007417673435731267,0.028193556099037138,0.14009797918659417,0.10608607285227106,0.013047029751376782,0.021511223382583267,0.025274305395620988,0.01877797879771939,0.03419034287171213,0.022232581669120163,0.013758687300841538,0.023117295392687462,0.025309694167182165,0.024894464166613766,0.03829733362350613,0.02961390163459478,0.012759883373983668,0.0,0.007303932512913468,0.016833920357376023
47,'Tuba',2,0.01766113699784456,0.09904030692394034,0.010397103762526907,0.05224546975983185,0.054119351360686706,0.05418337093541515,0.05300158163856907,0.052334455918297655,0.13884972433041556,0.05116370624583616,0.04254660882115041,0.02746835730513004,0.039857482077489015,0.053954539548087654,0.027899794304800943,0.014721605948644736,0.029204315211097554,0.13908722007453375,0.10507531374021066,0.01715235717616563,0.02880688147635731,0.03257823790853445,0.01979488819442683,0.04148600096548617,0.02324334078118058,0.013468420735434652,0.024132188762352468,0.03261362668009563,0.03219839667952724,0.037286574511445715,0.03691783414750825,0.01377064248604408,0.007303932512913468,0.0,0.024137852870289495
47,'Tuba',3,0.04179898986813405,0.12317815979422982,0.013777703235501959,0.02811075190731727,0.02999370624781258,0.030045518065125662,0.028875936525694954,0.028196603048008157,0.13992435848777704,0.027038061132962043,0.026724488728869816,0.026304554158837517,0.01573183696461489,0.029820249788983205,0.026740653291331143,0.009418614769822734,0.030372799103331127,0.1379187361823002,0.10390682984797707,0.015223568558045977,0.004681236363483191,0.00844038503824496,0.020957221802013374,0.0278227062840774,0.024411824673414146,0.03059260765821756,0.025296538396981445,0.026075460287914045,0.021211682741921492,0.036118090619212145,0.014080520559606962,0.014939126378277651,0.016833920357376023,0.024137852870289495,0.0
