% Distances between instruments for pitch 38 (D2)
@RELATION distances

@ATTRIBUTE 'InstrumentId' NUMERIC
@ATTRIBUTE 'Instrument' STRING
@ATTRIBUTE 'StyleId' NUMERIC
@ATTRIBUTE 'Distance to instrument 3 (Bandura), style 1' NUMERIC
@ATTRIBUTE 'Distance to instrument 6 (Bass), style 1' NUMERIC
@ATTRIBUTE 'Distance to instrument 6 (Bass), style 2' NUMERIC
@ATTRIBUTE 'Distance to instrument 7 (Bassoon), style 1' NUMERIC
@ATTRIBUTE 'Distance to instrument 7 (Bassoon), style 2' NUMERIC
@ATTRIBUTE 'Distance to instrument 10 (Cello), style 1' NUMERIC
@ATTRIBUTE 'Distance to instrument 10 (Cello), style 2' NUMERIC
@ATTRIBUTE 'Distance to instrument 10 (Cello), style 3' NUMERIC
@ATTRIBUTE 'Distance to instrument 10 (Cello), style 4' NUMERIC
@ATTRIBUTE 'Distance to instrument 10 (Cello), style 5' NUMERIC
@ATTRIBUTE 'Distance to instrument 10 (Cello), style 6' NUMERIC
@ATTRIBUTE 'Distance to instrument 10 (Cello), style 7' NUMERIC
@ATTRIBUTE 'Distance to instrument 10 (Cello), style 8' NUMERIC
@ATTRIBUTE 'Distance to instrument 10 (Cello), style 9' NUMERIC
@ATTRIBUTE 'Distance to instrument 11 (CeylonGuitar), style 1' NUMERIC
@ATTRIBUTE 'Distance to instrument 13 (Contrabassoon), style 1' NUMERIC
@ATTRIBUTE 'Distance to instrument 14 (Cumbus), style 1' NUMERIC
@ATTRIBUTE 'Distance to instrument 15 (DallapeAccordion), style 1' NUMERIC
@ATTRIBUTE 'Distance to instrument 18 (Drums), style 1' NUMERIC
@ATTRIBUTE 'Distance to instrument 18 (Drums), style 2' NUMERIC
@ATTRIBUTE 'Distance to instrument 18 (Drums), style 3' NUMERIC
@ATTRIBUTE 'Distance to instrument 18 (Drums), style 4' NUMERIC
@ATTRIBUTE 'Distance to instrument 18 (Drums), style 5' NUMERIC
@ATTRIBUTE 'Distance to instrument 18 (Drums), style 6' NUMERIC
@ATTRIBUTE 'Distance to instrument 18 (Drums), style 7' NUMERIC
@ATTRIBUTE 'Distance to instrument 18 (Drums), style 8' NUMERIC
@ATTRIBUTE 'Distance to instrument 18 (Drums), style 9' NUMERIC
@ATTRIBUTE 'Distance to instrument 18 (Drums), style 10' NUMERIC
@ATTRIBUTE 'Distance to instrument 18 (Drums), style 11' NUMERIC
@ATTRIBUTE 'Distance to instrument 18 (Drums), style 12' NUMERIC
@ATTRIBUTE 'Distance to instrument 21 (ElectricBass), style 1' NUMERIC
@ATTRIBUTE 'Distance to instrument 21 (ElectricBass), style 2' NUMERIC
@ATTRIBUTE 'Distance to instrument 21 (ElectricBass), style 3' NUMERIC
@ATTRIBUTE 'Distance to instrument 21 (ElectricBass), style 4' NUMERIC
@ATTRIBUTE 'Distance to instrument 21 (ElectricBass), style 5' NUMERIC
@ATTRIBUTE 'Distance to instrument 21 (ElectricBass), style 6' NUMERIC
@ATTRIBUTE 'Distance to instrument 21 (ElectricBass), style 7' NUMERIC
@ATTRIBUTE 'Distance to instrument 23 (ElectricPiano), style 1' NUMERIC
@ATTRIBUTE 'Distance to instrument 23 (ElectricPiano), style 2' NUMERIC
@ATTRIBUTE 'Distance to instrument 23 (ElectricPiano), style 3' NUMERIC
@ATTRIBUTE 'Distance to instrument 23 (ElectricPiano), style 4' NUMERIC
@ATTRIBUTE 'Distance to instrument 23 (ElectricPiano), style 5' NUMERIC
@ATTRIBUTE 'Distance to instrument 23 (ElectricPiano), style 6' NUMERIC
@ATTRIBUTE 'Distance to instrument 26 (Fujara), style 1' NUMERIC
@ATTRIBUTE 'Distance to instrument 27 (Horn), style 1' NUMERIC
@ATTRIBUTE 'Distance to instrument 27 (Horn), style 2' NUMERIC
@ATTRIBUTE 'Distance to instrument 27 (Horn), style 3' NUMERIC
@ATTRIBUTE 'Distance to instrument 29 (Kantele), style 1' NUMERIC
@ATTRIBUTE 'Distance to instrument 34 (Organ), style 1' NUMERIC
@ATTRIBUTE 'Distance to instrument 34 (Organ), style 2' NUMERIC
@ATTRIBUTE 'Distance to instrument 34 (Organ), style 3' NUMERIC
@ATTRIBUTE 'Distance to instrument 34 (Organ), style 4' NUMERIC
@ATTRIBUTE 'Distance to instrument 34 (Organ), style 5' NUMERIC
@ATTRIBUTE 'Distance to instrument 34 (Organ), style 6' NUMERIC
@ATTRIBUTE 'Distance to instrument 36 (Piano), style 1' NUMERIC
@ATTRIBUTE 'Distance to instrument 36 (Piano), style 2' NUMERIC
@ATTRIBUTE 'Distance to instrument 36 (Piano), style 3' NUMERIC
@ATTRIBUTE 'Distance to instrument 36 (Piano), style 4' NUMERIC
@ATTRIBUTE 'Distance to instrument 36 (Piano), style 5' NUMERIC
@ATTRIBUTE 'Distance to instrument 36 (Piano), style 6' NUMERIC
@ATTRIBUTE 'Distance to instrument 36 (Piano), style 7' NUMERIC
@ATTRIBUTE 'Distance to instrument 36 (Piano), style 8' NUMERIC
@ATTRIBUTE 'Distance to instrument 36 (Piano), style 9' NUMERIC
@ATTRIBUTE 'Distance to instrument 36 (Piano), style 10' NUMERIC
@ATTRIBUTE 'Distance to instrument 36 (Piano), style 11' NUMERIC
@ATTRIBUTE 'Distance to instrument 39 (Saxophone), style 2' NUMERIC
@ATTRIBUTE 'Distance to instrument 40 (ScaleChangerHarmonium), style 1' NUMERIC
@ATTRIBUTE 'Distance to instrument 44 (Tanbur), style 1' NUMERIC
@ATTRIBUTE 'Distance to instrument 45 (Trombone), style 1' NUMERIC
@ATTRIBUTE 'Distance to instrument 45 (Trombone), style 3' NUMERIC
@ATTRIBUTE 'Distance to instrument 45 (Trombone), style 4' NUMERIC
@ATTRIBUTE 'Distance to instrument 47 (Tuba), style 1' NUMERIC
@ATTRIBUTE 'Distance to instrument 47 (Tuba), style 2' NUMERIC
@ATTRIBUTE 'Distance to instrument 47 (Tuba), style 3' NUMERIC

@DATA
3,'Bandura',1,0.0,0.17716096988213637,0.04317685779526351,0.04717260933259021,0.03879638981937706,0.06929105037124951,0.08488656792974512,0.048137159748776255,0.07049655717732935,0.04928593651153255,0.0637651331260405,0.21775614181420547,0.04538130947432747,0.03832145825862974,0.044182362143768084,0.04523145720476154,0.10244161504695821,0.13920942468322736,0.11791520361639189,0.11450591392931027,0.12064604577003156,0.1156346891438738,0.12863804182688166,0.11797936386525622,0.11028857911373552,0.12342197019319062,0.11359801331928111,0.12037324970979534,0.14108644662848216,0.1308840726032501,0.016137286912734847,0.02094693920841345,0.017352512079841783,0.016446333408668554,0.014676171025009283,0.041933731343925994,0.0148037768044764,0.0038453236294734108,0.047425048312834145,0.014234896585112329,0.014717550080242047,0.06278312938748955,0.019270179999899918,0.16203049507691986,0.03931392963310723,0.04122103515580396,0.03306978496309683,0.0043454795328509155,0.14930766287425232,0.13019745980450376,0.03709162883763832,0.042825367680826676,0.023452357283854846,0.03368425222193593,0.01110881815928237,0.13553001946315213,0.053340369700521785,0.00868203914135725,0.038908963943706874,0.00408573858421776,0.15973753578149238,0.05873736355082481,0.20425588458699095,0.01818927953039743,0.017146870881777142,0.060241443110400916,0.1493607721619524,0.12996425259856792,0.058550964865332546,0.045004093028569093,0.02332287882723545,0.06051951733736661,0.0601462137427459,0.06654947069679609
6,'Bass',1,0.17716096988213637,0.0,0.13398411208687286,0.1323708587502637,0.1383645800627593,0.12078574811819694,0.10134897629465185,0.14844436000535413,0.12206091810766671,0.14533675878245714,0.12043312043019543,0.04143424160947884,0.13317298748319942,0.1544949748630672,0.22134333202590448,0.1509944659396528,0.10579516433862135,0.14352626138765737,0.29507617349852827,0.2916668838114467,0.29780701565216794,0.2926951558908874,0.30545574057185365,0.2951403337473926,0.2873707370722471,0.3001697515142175,0.2907589832014175,0.2975342195919317,0.29188788561592033,0.3080450424853865,0.19329825679487123,0.19810790909054984,0.19451348196197815,0.19360730329080492,0.19183714090714565,0.1587813864174735,0.19196474668661279,0.1810062935116098,0.16257329692553601,0.1913958664672487,0.1918002093305398,0.15776239688729965,0.15830321284945817,0.024096530985706393,0.14795959120401647,0.15074431551816925,0.1541038199564838,0.1729811666827925,0.04185411344037995,0.06249994956737787,0.14936890399333239,0.17263087906943464,0.16454178429172772,0.15154736955823267,0.16617832024154225,0.051620667566660124,0.149536040089451,0.16863205276269747,0.14316256068957403,0.1731277573697079,0.01748823165139114,0.11842360633131156,0.043536712153872975,0.1794654789925959,0.19430784076391353,0.16396497958750533,0.09015128991818326,0.10162065935315383,0.16478451234612498,0.1578685020155046,0.15383809105490093,0.11664145254476976,0.11708313537255843,0.12591712415445921
6,'Bass',2,0.04317685779526351,0.13398411208687286,0.0,0.011254873308923096,0.01576504196554257,0.026114192575986,0.04170971013448161,0.03770997700521176,0.027319699382065837,0.0348205598293892,0.02060736071015479,0.17470852552049254,0.012119776787123643,0.02051086277619435,0.0873592199390316,0.017187006374655877,0.0619091561397068,0.09854772427442539,0.1610920614116554,0.1576827717245738,0.16382290356529508,0.15871104380401457,0.17168565812059458,0.16115622166051974,0.1533866249853742,0.16646958648690355,0.15677487111454463,0.16355010750505886,0.15790377352904747,0.17406093039851364,0.05931414470799836,0.06412379700367696,0.06052936987510529,0.05962319120393206,0.05785302882027279,0.02489404945508659,0.0579806345997399,0.047022181424736915,0.02858918483866313,0.05741175438037583,0.057816097243666924,0.023778284800426777,0.024319100762585314,0.12136879466811788,0.013975479117143598,0.016760203431296385,0.02011970786961093,0.0450071799416529,0.10877520396700092,0.08966500089725236,0.03863452099319004,0.03872322650732857,0.030557672204854853,0.040812986558090306,0.05177051856808435,0.09248240316943919,0.03880165708930865,0.04934373955015924,0.03242817768943167,0.04474743899301975,0.11668991948777947,0.0156475073776731,0.16120826829327803,0.045481366905723054,0.060323728677040646,0.029980867500632464,0.10869907175315041,0.08941534578605535,0.030800400259252094,0.023884389928631723,0.0227986509861929,0.017433595037710182,0.017098597449032985,0.026003559530264408
7,'Bassoon',1,0.04717260933259021,0.1323708587502637,0.011254873308923096,0.0,0.008376219513213145,0.024819527273695404,0.040508943045396865,0.029547430072865356,0.02599024791485384,0.02643982884996836,0.019703935549404777,0.17380510035974253,0.0018540746035275984,0.024506614313521052,0.0913549714763583,0.02100610539010664,0.0731640294486299,0.1096608190481451,0.1650878129489821,0.16167852326190046,0.16781865510262176,0.16270679534134125,0.17546738002230752,0.16515197319784644,0.1573823765227009,0.1701813909646713,0.16077062265187134,0.16754585904238553,0.16189952506637414,0.17805668193584034,0.06330989624532506,0.06811954854100366,0.064525121412432,0.06361894274125876,0.0618487803575995,0.028793025867927317,0.06197638613706661,0.05101793296206362,0.03258493637598983,0.06140750591770253,0.061811848780993627,0.03350554378916125,0.028314852299912013,0.13191720802251758,0.0179712306544703,0.020755954968623085,0.024115459406937628,0.04299280613324636,0.12003007727592402,0.10091987420617544,0.030471974060843638,0.04264251851988846,0.03455342374218156,0.0326504396257439,0.04360797163573795,0.0915789780086892,0.030639110156962236,0.04118119261781283,0.024265630757085255,0.043139396820161734,0.12156232682039707,0.014744082216923087,0.1648161402870793,0.04947711844304975,0.06431948021436736,0.03397661903795917,0.11976098387283718,0.10067021909497846,0.03479615179657879,0.027880141465958425,0.02384973050535476,0.02260838645393343,0.01619517228828297,0.0372584328391875
7,'Bassoon',2,0.03879638981937706,0.1383645800627593,0.01576504196554257,0.008376219513213145,0.0,0.030599389542412814,0.04628880531411428,0.022440904171750143,0.03177011018357125,0.019333302948853156,0.025483797818122184,0.17958496262845994,0.006584919654950401,0.016130394800307906,0.08297875196314515,0.02015814623962618,0.07767419810524938,0.1141709877047646,0.15671159343576896,0.15330230374868734,0.15944243558940863,0.15433057582812812,0.16709116050909437,0.1567757536846333,0.14900615700948774,0.16180517145145815,0.15239440313865818,0.15916963952917243,0.153523305553161,0.16968046242262722,0.054933676732111913,0.05974332902779051,0.056148901899218846,0.05524272322804561,0.05347256084438634,0.020416806354714174,0.05360016662385347,0.042641713448850475,0.024208716862776685,0.0530312864044894,0.05343562926778048,0.03801571244578072,0.019938632786698867,0.1366378675015795,0.014546512691398396,0.01645361821409513,0.015739239893724485,0.03461658662003322,0.1245402459325435,0.10543004286279493,0.023365448159728425,0.03426629900667533,0.026177204228968413,0.02554391372462868,0.03650144573462274,0.0973588402774066,0.02353258425584703,0.03407466671669762,0.01715910485597005,0.03476317730694859,0.12607249547701654,0.0205239444856405,0.16932630894369874,0.041100898929836614,0.055943260701154206,0.035450223433528126,0.12427115252945664,0.10518038775159792,0.03378354792362371,0.020236676086860264,0.015545263066057934,0.027118555110552906,0.02197503455700038,0.041768601495806974
10,'Cello',1,0.06929105037124951,0.12078574811819694,0.026114192575986,0.024819527273695404,0.030599389542412814,0.0,0.019530670036750953,0.02765861188715717,0.0013099561543911502,0.024551010664260183,0.005525917245208997,0.1568722493945008,0.025621656006631095,0.046625055352180346,0.1134734125150176,0.04312454642876593,0.07235176139930198,0.10884855099881718,0.18720625398764137,0.18379696430055978,0.18993709614128107,0.18482523638000056,0.19758582106096678,0.18727041423650573,0.1795008175613602,0.1922998320033306,0.18288906369053062,0.18966430008104485,0.18401796610503343,0.20017512297449966,0.08542833728398436,0.09023798957966296,0.08664356245109128,0.08573738377991806,0.08396722139625878,0.05091146690658662,0.0840948271757259,0.07313637400072291,0.054703377414649125,0.08352594695636184,0.08393028981965293,0.04989247737641278,0.05043329333857131,0.13142015978617247,0.040089671693129596,0.04287439600728238,0.04623390044559692,0.06511124717190565,0.1192178092265961,0.10010760615684754,0.03219942153361118,0.06476095955854777,0.05667186478084085,0.03563341517057467,0.05830840073065539,0.06985421244432789,0.02875029197125406,0.0607621332518106,0.03055505734118251,0.06525783785882104,0.12075005877106915,0.011058220555437181,0.16400387223775134,0.07159555948170905,0.08643792125302664,0.056095060076618464,0.11894871582350924,0.09985795104565054,0.056914592835238094,0.04999858250461773,0.04614465260847075,0.021796118404605505,0.009213215861671576,0.03644616478985958
10,'Cello',2,0.08488656792974512,0.10134897629465185,0.04170971013448161,0.040508943045396865,0.04628880531411428,0.019530670036750953,0.0,0.04709538371070227,0.020840626191142103,0.04398778248780528,0.02112143480370461,0.13734157935774988,0.04131107177833256,0.06222057291067595,0.1290689300735132,0.05872006398726154,0.05282109136255101,0.08931788096206623,0.20280177154613702,0.19939248185905542,0.20553261369977668,0.2004207539384962,0.21318133861946242,0.20286593179500137,0.1950963351198558,0.2078953495618262,0.19848458124902624,0.20525981763954046,0.19961348366352905,0.21577064053299524,0.10102385484247996,0.10583350713815858,0.10223908000958691,0.10133290133841366,0.09956273895475438,0.06650698446508223,0.09969034473422152,0.08873189155921853,0.07029889497314473,0.09912146451485744,0.09952580737814853,0.06548799493490838,0.06602881089706693,0.11198338796262737,0.05568518925162521,0.05846991356577799,0.06182941800409253,0.08070676473040127,0.09968713918984513,0.08057693612009657,0.048019927698680555,0.08035647711704338,0.07226738233933645,0.05122893272907028,0.07390391828915101,0.05107003496329232,0.048187063794799166,0.07635765081030622,0.04615057489967813,0.08085335541731664,0.10121938873431818,0.026149204378920307,0.1444732022010004,0.08719107704020466,0.10203343881152226,0.07169057763511406,0.09941804578675828,0.08032728100889956,0.0725101103937337,0.06559410006311334,0.06183406838017221,0.024367050592378505,0.02480873342016719,0.03364272220206796
10,'Cello',3,0.048137159748776255,0.14844436000535413,0.03770997700521176,0.029547430072865356,0.022440904171750143,0.02765861188715717,0.04709538371070227,0.0,0.02638344189768743,0.0031076012228969906,0.028011239575158702,0.18411590648546072,0.027693355469337756,0.035475261701933374,0.09231952189254435,0.04227973380117131,0.09959541849026184,0.13625770127963716,0.16605236336516815,0.16264307367808653,0.1687832055188078,0.16367134575752731,0.17666967472876405,0.1661165236140325,0.15834692693888697,0.17145360309507304,0.16173517306805738,0.16851040945857163,0.1628640754825602,0.17902123235202638,0.06427444666151111,0.06908409895718971,0.06548967182861805,0.06458349315744481,0.06281333077378554,0.03898200794033577,0.06294093655325265,0.05198248337824967,0.04457885175613777,0.06237205633388859,0.06277639919717967,0.05993693283079319,0.029279402716098062,0.15907877167332965,0.036467733076410866,0.0383748385991076,0.030140306500088962,0.04395735654943241,0.14646146631755594,0.12735126324780738,0.011045530911137936,0.04370724311549804,0.03551797415836761,0.014479524548101424,0.03715451010818214,0.09709786953528775,0.0053087367986393895,0.03960824262933737,0.009401166718709263,0.044103947236347786,0.147993715862029,0.03830187764639705,0.19124752932871125,0.05044166885923581,0.0652840306305534,0.05737144381854059,0.1464090487583622,0.1271016081366104,0.05570476830863618,0.042157896471872736,0.025405716782194804,0.049039775495565374,0.03292100412116342,0.06368982188081944
10,'Cello',4,0.07049655717732935,0.12206091810766671,0.027319699382065837,0.02599024791485384,0.03177011018357125,0.0013099561543911502,0.020840626191142103,0.02638344189768743,0.0,0.023275840674790434,0.006731424051288834,0.15818220554889198,0.026792376647789527,0.04783056215826018,0.11467891932109743,0.04433005323484577,0.07366171755369312,0.11015850715320834,0.18841176079372124,0.1850024711066396,0.19114260294736088,0.18603074318608037,0.19879132786704665,0.18847592104258556,0.18070632436744005,0.19350533880941043,0.18409457049661046,0.1908698068871247,0.18522347291111327,0.20138062978057947,0.0866338440900642,0.09144349638574278,0.08784906925717113,0.0869428905859979,0.08517272820233864,0.05211697371266646,0.08530033398180574,0.07434188080680275,0.05590888422072896,0.08473145376244168,0.08513579662573277,0.05109798418249262,0.051638800144651144,0.13269532977564222,0.04129517849920943,0.044079902813362215,0.04743940725167676,0.06631675397798549,0.12052776538098725,0.10141756231123868,0.03340492833969102,0.06596646636462761,0.05787737158692069,0.03683892197665451,0.059513907536735224,0.07116416859871905,0.027475121981784312,0.06196764005789044,0.031760564147262346,0.06646334466490088,0.1220600149254603,0.012368176709828331,0.1653138283921425,0.07280106628778889,0.08764342805910648,0.0573005668826983,0.1202586719779004,0.10116790720004169,0.05812009964131793,0.051204089310697566,0.04731537324962918,0.02310607455899666,0.010418722667751415,0.03775612094425073
10,'Cello',5,0.04928593651153255,0.14533675878245714,0.0348205598293892,0.02643982884996836,0.019333302948853156,0.024551010664260183,0.04398778248780528,0.0031076012228969906,0.023275840674790434,0.0,0.02514090777871392,0.18125020396429484,0.02458575424644076,0.03260955918076753,0.09346829865530064,0.0392136641034728,0.096729715969096,0.13322650556861124,0.16720114012792442,0.1637918504408428,0.16993198228156411,0.1648201225202836,0.17758070720124985,0.16726530037678877,0.15949570370164326,0.17236048115609817,0.16288394983081364,0.1696591862213279,0.16401285224531648,0.18017000911478268,0.06542322342426739,0.070232875719946,0.06663844859137434,0.0657322699202011,0.06396210753654184,0.035995815640027226,0.06408971331600895,0.05313126014100596,0.041713149234971936,0.06352083309664487,0.06392517595993596,0.05707123030962735,0.030428179478854355,0.15597117045043266,0.03360203055524502,0.035509136077941754,0.027274603978923118,0.045106133312188705,0.14359576379639014,0.12448556072664156,0.012194307673894227,0.04475584569883081,0.0366667509211239,0.015628301310857712,0.03830328687093843,0.09423216701412192,0.004401858737614249,0.040757019392093655,0.010549943481465552,0.04525272399910407,0.14512801334086317,0.03543617512523121,0.18838182680754537,0.05159044562199209,0.06643280739330969,0.05450574129737475,0.14332667039330327,0.12423590561544455,0.05283906578747033,0.039292193950706884,0.02631259484321995,0.04617407297439954,0.030055301599997575,0.060824119359653595
10,'Cello',6,0.0637651331260405,0.12043312043019543,0.02060736071015479,0.019703935549404777,0.025483797818122184,0.005525917245208997,0.02112143480370461,0.028011239575158702,0.006731424051288834,0.02514090777871392,0.0,0.15610929618558092,0.020506064282340464,0.04109913810697135,0.10794749526980858,0.03779436708481066,0.07158880819038207,0.10824646170447845,0.18168033674243242,0.1782710470553508,0.18441117889607206,0.17929931913479158,0.19229301883074937,0.18174449699129672,0.17397490031615118,0.18707694719705836,0.1773631464453216,0.18413838283583583,0.17849204885982442,0.19464920572929065,0.07990242003877535,0.08471207233445395,0.08111764520588229,0.08021146653470906,0.07844130415104979,0.045501410165241375,0.0785689099305169,0.06761045675551391,0.04917746016944013,0.07800002971115283,0.07840437257444392,0.04436656013120377,0.04490737609336232,0.13106753209817093,0.0345637544479206,0.03734847876207338,0.040707983200387925,0.059585329926696656,0.1184548560176762,0.09934465294792762,0.028935783563136985,0.059330587217483355,0.05114594753563186,0.031114249128037244,0.052782483485446396,0.0718750424592844,0.029102919659255586,0.05523621600660161,0.025029140095973512,0.05973192061361204,0.11998710556214925,0.010295267346517286,0.16324091902883145,0.06606964223650004,0.08091200400781766,0.050569142831409473,0.11839780918320349,0.09909499783673063,0.0513886755900291,0.04447266525940872,0.04102906088418012,0.02103316519568561,0.004914393821283658,0.03568321158093968
10,'Cello',7,0.21775614181420547,0.04143424160947884,0.17470852552049254,0.17380510035974253,0.17958496262845994,0.1568722493945008,0.13734157935774988,0.18411590648546072,0.15818220554889198,0.18125020396429484,0.15610929618558092,0.0,0.17460722909267823,0.19508020077860952,0.26192855794144676,0.19189553189514844,0.1463803902541637,0.18439245335648044,0.3356613994140705,0.332252109726989,0.33839224156771025,0.3333908309580793,0.34639418364108715,0.33572555966293494,0.32804472092794096,0.3411781120073962,0.33134420911695983,0.338119445507474,0.3324731115314626,0.3486302684009288,0.23388348271041356,0.23869313500609213,0.2350987078775205,0.23419252920634726,0.232422366822688,0.19960257497557912,0.23254997260215507,0.22159151942715208,0.2031585228410783,0.23198109238279105,0.23247369189444753,0.198347622802842,0.19888843876500048,0.06552740437384948,0.18854481711955876,0.1913295414337116,0.19478227379486443,0.21356639259833485,0.08243933935592228,0.10308517548292019,0.1850116123388044,0.21343175202782114,0.20512701020727006,0.1871034431749186,0.2067635461570846,0.08717674118334606,0.18509211370613696,0.2092172786782398,0.1790102027676117,0.21371298328525024,0.05807345756693346,0.15906101814281945,0.013609649992136102,0.22005070490813824,0.23489306667945584,0.2045839542547384,0.1310686645410393,0.1422322791904841,0.2053697382616673,0.1984537279310469,0.1951302256945179,0.15727493048278238,0.15766836128810077,0.1665257483458086
10,'Cello',8,0.04538130947432747,0.13317298748319942,0.012119776787123643,0.0018540746035275984,0.006584919654950401,0.025621656006631095,0.04131107177833256,0.027693355469337756,0.026792376647789527,0.02458575424644076,0.020506064282340464,0.17460722909267823,0.0,0.022715314455258307,0.08956367161809557,0.019214805531843893,0.07402893292683045,0.11052572252634567,0.16329651309071935,0.15988722340363773,0.16602735524435905,0.1609154954830785,0.17367608016404476,0.1633606733395837,0.15559107666443817,0.16839009110640857,0.1589793227936086,0.16575455918412282,0.1601082252081114,0.17626538207757758,0.06151859638706231,0.06632824868274091,0.06273382155416925,0.061827642882996026,0.060057480499336756,0.02700172600966458,0.06018508627880387,0.049226633103800876,0.030793636517727086,0.05961620605943979,0.06002054892273088,0.03437044726736179,0.026523552441649268,0.13278211150071814,0.016179930796207557,0.01896465511036034,0.022324159548674883,0.04120150627498362,0.12089498075412457,0.101784777684376,0.028617899457316038,0.04085121866162573,0.03276212388391881,0.030796365022216294,0.04175389703221035,0.09238110674162488,0.028785035553434642,0.03932711801428523,0.022411556153557662,0.04134809696189899,0.1224272302985976,0.015546210949858778,0.16568104376527984,0.04768581858478701,0.0625281803561046,0.03218531917969642,0.1206258873510377,0.101535122573179,0.03300485193831605,0.026088841607695683,0.02205843064709202,0.02347328993213398,0.01699730102121866,0.03812333631738805
10,'Cello',9,0.03832145825862974,0.1544949748630672,0.02051086277619435,0.024506614313521052,0.016130394800307906,0.046625055352180346,0.06222057291067595,0.035475261701933374,0.04783056215826018,0.03260955918076753,0.04109913810697135,0.19508020077860952,0.022715314455258307,0.0,0.06684835716283725,0.006974221180386466,0.06414215506511692,0.1009521886588523,0.14058119863546106,0.13717190894837944,0.14336618298684192,0.13836490639719765,0.1513682590802055,0.14064535888432542,0.13301879636705935,0.14615218744651448,0.13626400833835028,0.1430869982985679,0.13739291075285312,0.1535500676223193,0.038803281931804004,0.04361293422748261,0.040018507098910944,0.039112328427737715,0.03734216604407844,0.0045766504146974975,0.03746977182354556,0.03447613462915633,0.009103590054204405,0.03690089160418149,0.03744776733356588,0.024461671128859816,0.01915584140804094,0.13039844387736083,0.006596274055699414,0.003799305868058919,0.005334955201844411,0.04260271555722598,0.11275649262599964,0.09211406839388808,0.0363709675552771,0.018405827466939473,0.014982571826506625,0.03844612738665696,0.049366054183657436,0.11279980220982828,0.036397192704881724,0.04693927516573232,0.030023713305004748,0.04235467077105821,0.13700731852816858,0.03607136853175565,0.18152566733366712,0.0249705041295287,0.039812865900846296,0.02198420708602585,0.11110353613757734,0.09170701657419285,0.020229506606702804,0.006682634769939358,0.020587650337571237,0.03785352231829745,0.03741599648942208,0.028577850708607994
11,'CeylonGuitar',1,0.044182362143768084,0.22134333202590448,0.0873592199390316,0.0913549714763583,0.08297875196314515,0.1134734125150176,0.1290689300735132,0.09231952189254435,0.11467891932109743,0.09346829865530064,0.10794749526980858,0.26192855794144676,0.08956367161809557,0.06684835716283725,0.0,0.07034886608625167,0.11554816768728311,0.09513072126905271,0.07373284147262381,0.07034494039632672,0.07655726231934343,0.07155598572969914,0.084559338412707,0.0738121483565145,0.06620987569956086,0.07934326677901597,0.06941565117551303,0.0762780776310694,0.09690408448471406,0.08670171045948204,0.028094081797046255,0.02329618070535991,0.026858983667800734,0.027736028735099533,0.029506191118758806,0.06256194560843098,0.029414023678816265,0.040337038514294675,0.05882081438922734,0.029947465558655764,0.029543122695364674,0.06358093513860481,0.06310524583041864,0.19724680104019807,0.0734051947231979,0.07060822653555741,0.06723951206942068,0.04842418294702557,0.17956541329349815,0.15892298906138658,0.0812739909814064,0.04871245295646983,0.05687558209056972,0.07783999734444293,0.05518752157345703,0.1796087228773268,0.09742824124522347,0.05276074255553192,0.08298766735788153,0.04821557465619656,0.20385510037451335,0.1029197256945929,0.24833458800116562,0.041938105198790036,0.027098412721877227,0.05737835243839912,0.1311920421077212,0.11972267267275062,0.056605678556319455,0.06354739242128228,0.06750524097100354,0.1047018794811347,0.10426019665334603,0.09542620787144525
13,'Contrabassoon',1,0.04523145720476154,0.1509944659396528,0.017187006374655877,0.02100610539010664,0.02015814623962618,0.04312454642876593,0.05872006398726154,0.04227973380117131,0.04433005323484577,0.0392136641034728,0.03779436708481066,0.19189553189514844,0.019214805531843893,0.006974221180386466,0.07034886608625167,0.0,0.0575160518656232,0.0940128414651384,0.14408170755887548,0.14067241787179385,0.14681254971251514,0.1417006899512346,0.15449865174593871,0.1441458678077398,0.13637627113259426,0.14928258011224768,0.1397645172617647,0.14653975365227892,0.14089341967626753,0.1570505765457337,0.042303790855218425,0.04711344315089702,0.04351901602232536,0.04261283735115212,0.04084267496749285,0.007786920477820681,0.04097028074695997,0.04142009109269465,0.011578830985883193,0.040401400527595895,0.04080574339088699,0.017857566206154543,0.02613006258842741,0.1268979349539464,0.006042640202557637,0.004123290806373195,0.012161672241664702,0.04957693673761245,0.10962609996026644,0.08898367572815487,0.04320427778914959,0.021636413129781835,0.02195679300689309,0.04538274335404985,0.0563402753640439,0.10966940954409508,0.0433714138852682,0.053913496346118785,0.036997934485391216,0.049317195788979286,0.13387692586243535,0.03283451375232898,0.17839527466793392,0.028471013052943115,0.04331337482426071,0.01529207719390195,0.10412931495719087,0.08502224151197174,0.013790046406472157,0.00687403607585179,0.02719175526027651,0.03462060141236606,0.03428560382368886,0.025369783549339817
14,'Cumbus',1,0.10244161504695821,0.10579516433862135,0.0619091561397068,0.0731640294486299,0.07767419810524938,0.07235176139930198,0.05282109136255101,0.09959541849026184,0.07366171755369312,0.096729715969096,0.07158880819038207,0.1463803902541637,0.07402893292683045,0.06414215506511692,0.11554816768728311,0.0575160518656232,0.0,0.038044341043256186,0.18928100915990695,0.1858717194728253,0.19204399523449933,0.18704271864485503,0.2000460713278629,0.18934516940877125,0.18169660861471673,0.1948299996941719,0.18496381886279614,0.1917648105462253,0.18609272127729895,0.20224987814676518,0.08750309245624988,0.09231274475192847,0.0887183176233568,0.08781213895218358,0.08780163858031455,0.06073390032906878,0.08773471135413359,0.09859629141748479,0.056778132586914644,0.08824093550711748,0.08780237559855479,0.0519672325486783,0.08329799647315787,0.08169863335291495,0.0632105740872881,0.06129122469110366,0.06945511199017289,0.1067448706223429,0.06407868037834223,0.04343625614623067,0.10049112434360558,0.0670836397145969,0.07912472689162355,0.10256628417498544,0.11350820924877436,0.06412198996217089,0.10053934776999866,0.11108143023084925,0.09416586837012168,0.10648512967370975,0.08832950628051116,0.06129354084386479,0.13284785508600971,0.08437402245416947,0.08851267642529216,0.058235841941514155,0.046961381072460416,0.02756486150907594,0.058989348007503606,0.05757151920139874,0.0847078071258997,0.05055564299469647,0.06670056964480019,0.035905596609442404
15,'DallapeAccordion',1,0.13920942468322736,0.14352626138765737,0.09854772427442539,0.1096608190481451,0.1141709877047646,0.10884855099881718,0.08931788096206623,0.13625770127963716,0.11015850715320834,0.13322650556861124,0.10824646170447845,0.18439245335648044,0.11052572252634567,0.1009521886588523,0.09513072126905271,0.0940128414651384,0.038044341043256186,0.0,0.1515499121108709,0.14814062242378928,0.15428075426451057,0.14916889450323007,0.1620017302846067,0.15161407235973523,0.1438444756845897,0.15678565865091568,0.14723272181376013,0.15400795820427435,0.14836162422826293,0.16451878109772913,0.12322480306609897,0.11842690197441263,0.12198970493685346,0.12284962624974609,0.12461167217404995,0.09727569333930138,0.12454474494786899,0.1353980585711605,0.09193881438884555,0.12505096910085287,0.12449187460298533,0.07651820054455886,0.12010803006689326,0.11942973040195097,0.1000206076810235,0.09810125828483905,0.10613963972013056,0.1435549042160783,0.10212302142159842,0.08148059718948686,0.13718224526761544,0.09638405700240071,0.11593476048535893,0.1393607108325157,0.15031824284250975,0.10216633100542709,0.13734938136373404,0.14789146382458462,0.13097590196385706,0.14329516326744515,0.12637384732376736,0.09801911060069518,0.1708921961292659,0.12118405604790487,0.12222913399092994,0.07896798157282646,0.05337497146947411,0.04216017416599632,0.08080897742402822,0.09438155279513412,0.1212045967254149,0.08728514662502214,0.10351060323853557,0.07265995398643128
18,'Drums',1,0.11791520361639189,0.29507617349852827,0.1610920614116554,0.1650878129489821,0.15671159343576896,0.18720625398764137,0.20280177154613702,0.16605236336516815,0.18841176079372124,0.16720114012792442,0.18168033674243242,0.3356613994140705,0.16329651309071935,0.14058119863546106,0.07373284147262381,0.14408170755887548,0.18928100915990695,0.1515499121108709,0.0,0.003409289687081619,0.0028347357116523704,0.0023810176076408335,0.010836811805015943,8.962174882344755e-05,0.007705436426281197,0.005620740171324921,0.004317190297110773,0.0025555510233783566,0.023171243012090253,0.012968868986858235,0.10181660840473732,0.09701870731305097,0.10058151027549178,0.10146887020772333,0.10323903259138262,0.13629478708105477,0.10313655028650733,0.11406987998691848,0.13254334099691842,0.10368030703127956,0.10327596416798847,0.13731377661122862,0.1368277724381097,0.27097964251282186,0.14712772133088894,0.144331857980359,0.1409723535420445,0.12214670955471663,0.2532879399011892,0.23264551566907765,0.1550068324540302,0.12244529442909362,0.13059810869826077,0.15157283881706674,0.1289100481811481,0.2533312494850179,0.17116108271784727,0.12648326916322297,0.1567101939655726,0.12194841612882036,0.27758794184713714,0.1766525671672167,0.32205711460885666,0.11566063180648108,0.1008209393295683,0.1311111939110229,0.204924883580345,0.19345551414537443,0.13032820516401053,0.13726991902897334,0.14123808244362734,0.17843472095375854,0.1779930381259698,0.16915904934406903
18,'Drums',2,0.11450591392931027,0.2916668838114467,0.1576827717245738,0.16167852326190046,0.15330230374868734,0.18379696430055978,0.19939248185905542,0.16264307367808653,0.1850024711066396,0.1637918504408428,0.1782710470553508,0.332252109726989,0.15988722340363773,0.13717190894837944,0.07034494039632672,0.14067241787179385,0.1858717194728253,0.14814062242378928,0.003409289687081619,0.0,0.006212321923016705,0.001211045333372424,0.014214398016380277,0.0034734499359459566,0.004296146739199579,0.008998326382689256,0.0009394972500083595,0.005933137234742692,0.026580532699171874,0.016378158673939852,0.09843902219337299,0.09364112110168664,0.09720392406412744,0.09806384537702006,0.09982974290430098,0.13288549739397315,0.099758964075143,0.11066059029983687,0.12916575478555406,0.10027101734419795,0.09986667448090686,0.13391412205415915,0.13345018622674537,0.26757035282574027,0.1437501351195246,0.14095316693188412,0.13756306385496286,0.11876912334335228,0.24991035368982484,0.22926792945771327,0.15159754276694862,0.119036004742012,0.12722052248689644,0.1481635491299851,0.12553246196978377,0.2499536632736535,0.16776401351102319,0.12310568295185864,0.15333260775420823,0.11853912644173875,0.2741786521600555,0.1732432774801351,0.3186795283974923,0.11228304559511675,0.09744335311820396,0.12770190422394131,0.20151559389326343,0.1900462244582928,0.12695061895264617,0.133892332817609,0.13782879275654572,0.17502543126667688,0.17458374843888821,0.16574975965698743
18,'Drums',3,0.12064604577003156,0.29780701565216794,0.16382290356529508,0.16781865510262176,0.15944243558940863,0.18993709614128107,0.20553261369977668,0.1687832055188078,0.19114260294736088,0.16993198228156411,0.18441117889607206,0.33839224156771025,0.16602735524435905,0.14336618298684192,0.07655726231934343,0.14681254971251514,0.19204399523449933,0.15428075426451057,0.0028347357116523704,0.006212321923016705,0.0,0.0051118597612804925,0.008002076093363572,0.002745113962828923,0.010436278579920856,0.00278600445967255,0.007151819173025066,0.00027918468827401377,0.020440400858450596,0.010238026833218575,0.1046513441163897,0.09985344302470334,0.10341624598714416,0.10427616730003676,0.10603821322434065,0.13902562923469444,0.10597128599815969,0.1168245996214512,0.13537807670857074,0.10647751015114355,0.10600680632162812,0.14012644397717586,0.13966250814976208,0.27371048466646153,0.14996245704254133,0.14716548885490083,0.14370319569568413,0.124981445266369,0.2561226756128416,0.23548025138073,0.15773767460766988,0.12517613658273327,0.13343284440991315,0.154320217955454,0.13174478389280045,0.2561659851966702,0.1739763354340399,0.12931800487487535,0.15954492967722494,0.12472170431773584,0.28037350151501045,0.1793834093208564,0.32489185032050905,0.11849536751813346,0.10365567504122065,0.13384203606466258,0.2076557257339847,0.19618635629901413,0.13316294087566286,0.14010465474062572,0.14396892459726698,0.18116556310739818,0.180782179476264,0.17188989149770872
18,'Drums',4,0.1156346891438738,0.2926951558908874,0.15871104380401457,0.16270679534134125,0.15433057582812812,0.18482523638000056,0.2004207539384962,0.16367134575752731,0.18603074318608037,0.1648201225202836,0.17929931913479158,0.3333908309580793,0.1609154954830785,0.13836490639719765,0.07155598572969914,0.1417006899512346,0.18704271864485503,0.14916889450323007,0.0023810176076408335,0.001211045333372424,0.0051118597612804925,0.0,0.013003352683007854,0.002445177856505171,0.005346110030138288,0.007787281049316832,0.0021505425833807834,0.004839063701044283,0.02555226061973109,0.015349886594499068,0.09965006752674539,0.09485216643505906,0.09841496939749989,0.09927489071039251,0.10103693663469637,0.13391376947341396,0.1009700094085154,0.11182332303180692,0.1303768001189265,0.10147623356149928,0.10091713906363176,0.13512516738753158,0.13466123156011778,0.26859862490518105,0.14496118045289705,0.14216421226525655,0.13860855716321488,0.11998016867672472,0.2511213990231973,0.23047897479108573,0.15264962926925282,0.1200642768214528,0.12843156782026885,0.14931894136580973,0.12674350730315617,0.25116470860702594,0.16897505884439556,0.12431672828523105,0.15454365308758067,0.11972042772809156,0.2753722249253662,0.17432981281525983,0.31989057373086477,0.11349409092848918,0.09865439845157636,0.1288068767033409,0.2025438659727042,0.1911585517675952,0.1281616642860186,0.13510337815098142,0.1388570648359865,0.1761159004752969,0.1757809028866197,0.16686508261227065
18,'Drums',5,0.12863804182688166,0.30545574057185365,0.17168565812059458,0.17546738002230752,0.16709116050909437,0.19758582106096678,0.21318133861946242,0.17666967472876405,0.19879132786704665,0.17758070720124985,0.19229301883074937,0.34639418364108715,0.17367608016404476,0.1513682590802055,0.084559338412707,0.15449865174593871,0.2000460713278629,0.1620017302846067,0.010836811805015943,0.014214398016380277,0.008002076093363572,0.013003352683007854,0.0,0.010747190056192494,0.01834946271314614,0.005285989057636213,0.015153895266388636,0.008281260781637585,0.01403957506817474,0.0025893019135328336,0.11265342020975326,0.1078555191180669,0.11141832208050773,0.11227824339340035,0.11404028931770421,0.14679160866550797,0.11397336209152327,0.12482667571481477,0.14338015280193436,0.11447958624450714,0.1139204917466396,0.14812852007053942,0.14766458424312565,0.2813592095861473,0.1579645331359049,0.1551675649482644,0.15161190984622275,0.13298352135973257,0.26412475170620514,0.2434823274740936,0.1656529819522607,0.132962431613266,0.14143492050327672,0.1623222940488176,0.13974685998616404,0.2641680612900338,0.18197841152740346,0.13732008096823892,0.16754700577058854,0.13272378041109942,0.28837557760837407,0.1873331654982677,0.3328939264138726,0.12649744361149703,0.11165775113458425,0.1418102293863487,0.21532551910004782,0.20416190445060303,0.14116501696902647,0.1481067308339893,0.15161764951695275,0.18911925315830477,0.18878425556962755,0.17986843529527854
