% Distances between instruments for pitch 48 (C3)
@RELATION distances

@ATTRIBUTE 'InstrumentId' NUMERIC
@ATTRIBUTE 'Instrument' STRING
@ATTRIBUTE 'StyleId' NUMERIC
@ATTRIBUTE 'Distance to instrument 1 (AcousticGuitar), style 1' NUMERIC
@ATTRIBUTE 'Distance to instrument 1 (AcousticGuitar), style 2' NUMERIC
@ATTRIBUTE 'Distance to instrument 1 (AcousticGuitar), style 3' NUMERIC
@ATTRIBUTE 'Distance to instrument 1 (AcousticGuitar), style 4' NUMERIC
@ATTRIBUTE 'Distance to instrument 1 (AcousticGuitar), style 5' NUMERIC
@ATTRIBUTE 'Distance to instrument 1 (AcousticGuitar), style 6' NUMERIC
@ATTRIBUTE 'Distance to instrument 1 (AcousticGuitar), style 7' NUMERIC
@ATTRIBUTE 'Distance to instrument 1 (AcousticGuitar), style 8' NUMERIC
@ATTRIBUTE 'Distance to instrument 1 (AcousticGuitar), style 9' NUMERIC
@ATTRIBUTE 'Distance to instrument 1 (AcousticGuitar), style 10' NUMERIC
@ATTRIBUTE 'Distance to instrument 1 (AcousticGuitar), style 11' NUMERIC
@ATTRIBUTE 'Distance to instrument 1 (AcousticGuitar), style 12' NUMERIC
@ATTRIBUTE 'Distance to instrument 2 (Balalaika), style 1' NUMERIC
@ATTRIBUTE 'Distance to instrument 3 (Bandura), style 1' NUMERIC
@ATTRIBUTE 'Distance to instrument 4 (BanjoFramus), style 1' NUMERIC
@ATTRIBUTE 'Distance to instrument 6 (Bass), style 1' NUMERIC
@ATTRIBUTE 'Distance to instrument 6 (Bass), style 2' NUMERIC
@ATTRIBUTE 'Distance to instrument 7 (Bassoon), style 1' NUMERIC
@ATTRIBUTE 'Distance to instrument 7 (Bassoon), style 2' NUMERIC
@ATTRIBUTE 'Distance to instrument 9 (Bouzouki), style 1' NUMERIC
@ATTRIBUTE 'Distance to instrument 10 (Cello), style 1' NUMERIC
@ATTRIBUTE 'Distance to instrument 10 (Cello), style 2' NUMERIC
@ATTRIBUTE 'Distance to instrument 10 (Cello), style 3' NUMERIC
@ATTRIBUTE 'Distance to instrument 10 (Cello), style 4' NUMERIC
@ATTRIBUTE 'Distance to instrument 10 (Cello), style 5' NUMERIC
@ATTRIBUTE 'Distance to instrument 10 (Cello), style 6' NUMERIC
@ATTRIBUTE 'Distance to instrument 10 (Cello), style 7' NUMERIC
@ATTRIBUTE 'Distance to instrument 10 (Cello), style 8' NUMERIC
@ATTRIBUTE 'Distance to instrument 10 (Cello), style 9' NUMERIC
@ATTRIBUTE 'Distance to instrument 11 (CeylonGuitar), style 1' NUMERIC
@ATTRIBUTE 'Distance to instrument 12 (Clarinet), style 2' NUMERIC
@ATTRIBUTE 'Distance to instrument 13 (Contrabassoon), style 1' NUMERIC
@ATTRIBUTE 'Distance to instrument 14 (Cumbus), style 1' NUMERIC
@ATTRIBUTE 'Distance to instrument 15 (DallapeAccordion), style 1' NUMERIC
@ATTRIBUTE 'Distance to instrument 16 (Dilruba), style 1' NUMERIC
@ATTRIBUTE 'Distance to instrument 17 (Domra), style 1' NUMERIC
@ATTRIBUTE 'Distance to instrument 18 (Drums), style 1' NUMERIC
@ATTRIBUTE 'Distance to instrument 18 (Drums), style 2' NUMERIC
@ATTRIBUTE 'Distance to instrument 18 (Drums), style 3' NUMERIC
@ATTRIBUTE 'Distance to instrument 18 (Drums), style 4' NUMERIC
@ATTRIBUTE 'Distance to instrument 18 (Drums), style 5' NUMERIC
@ATTRIBUTE 'Distance to instrument 18 (Drums), style 6' NUMERIC
@ATTRIBUTE 'Distance to instrument 18 (Drums), style 7' NUMERIC
@ATTRIBUTE 'Distance to instrument 18 (Drums), style 8' NUMERIC
@ATTRIBUTE 'Distance to instrument 18 (Drums), style 9' NUMERIC
@ATTRIBUTE 'Distance to instrument 18 (Drums), style 10' NUMERIC
@ATTRIBUTE 'Distance to instrument 18 (Drums), style 11' NUMERIC
@ATTRIBUTE 'Distance to instrument 18 (Drums), style 12' NUMERIC
@ATTRIBUTE 'Distance to instrument 20 (EgyptianFiddle), style 1' NUMERIC
@ATTRIBUTE 'Distance to instrument 21 (ElectricBass), style 1' NUMERIC
@ATTRIBUTE 'Distance to instrument 21 (ElectricBass), style 2' NUMERIC
@ATTRIBUTE 'Distance to instrument 21 (ElectricBass), style 3' NUMERIC
@ATTRIBUTE 'Distance to instrument 21 (ElectricBass), style 4' NUMERIC
@ATTRIBUTE 'Distance to instrument 21 (ElectricBass), style 5' NUMERIC
@ATTRIBUTE 'Distance to instrument 21 (ElectricBass), style 6' NUMERIC
@ATTRIBUTE 'Distance to instrument 21 (ElectricBass), style 7' NUMERIC
@ATTRIBUTE 'Distance to instrument 22 (ElectricGuitar), style 1' NUMERIC
@ATTRIBUTE 'Distance to instrument 22 (ElectricGuitar), style 2' NUMERIC
@ATTRIBUTE 'Distance to instrument 22 (ElectricGuitar), style 3' NUMERIC
@ATTRIBUTE 'Distance to instrument 22 (ElectricGuitar), style 4' NUMERIC
@ATTRIBUTE 'Distance to instrument 22 (ElectricGuitar), style 5' NUMERIC
@ATTRIBUTE 'Distance to instrument 22 (ElectricGuitar), style 6' NUMERIC
@ATTRIBUTE 'Distance to instrument 22 (ElectricGuitar), style 7' NUMERIC
@ATTRIBUTE 'Distance to instrument 22 (ElectricGuitar), style 8' NUMERIC
@ATTRIBUTE 'Distance to instrument 22 (ElectricGuitar), style 9' NUMERIC
@ATTRIBUTE 'Distance to instrument 23 (ElectricPiano), style 1' NUMERIC
@ATTRIBUTE 'Distance to instrument 23 (ElectricPiano), style 2' NUMERIC
@ATTRIBUTE 'Distance to instrument 23 (ElectricPiano), style 3' NUMERIC
@ATTRIBUTE 'Distance to instrument 23 (ElectricPiano), style 4' NUMERIC
@ATTRIBUTE 'Distance to instrument 23 (ElectricPiano), style 5' NUMERIC
@ATTRIBUTE 'Distance to instrument 23 (ElectricPiano), style 6' NUMERIC
@ATTRIBUTE 'Distance to instrument 26 (Fujara), style 1' NUMERIC
@ATTRIBUTE 'Distance to instrument 27 (Horn), style 1' NUMERIC
@ATTRIBUTE 'Distance to instrument 27 (Horn), style 2' NUMERIC
@ATTRIBUTE 'Distance to instrument 27 (Horn), style 3' NUMERIC
@ATTRIBUTE 'Distance to instrument 29 (Kantele), style 1' NUMERIC
@ATTRIBUTE 'Distance to instrument 33 (Oud), style 1' NUMERIC
@ATTRIBUTE 'Distance to instrument 34 (Organ), style 1' NUMERIC
@ATTRIBUTE 'Distance to instrument 34 (Organ), style 2' NUMERIC
@ATTRIBUTE 'Distance to instrument 34 (Organ), style 3' NUMERIC
@ATTRIBUTE 'Distance to instrument 34 (Organ), style 4' NUMERIC
@ATTRIBUTE 'Distance to instrument 34 (Organ), style 5' NUMERIC
@ATTRIBUTE 'Distance to instrument 34 (Organ), style 6' NUMERIC
@ATTRIBUTE 'Distance to instrument 35 (Panflute), style 1' NUMERIC
@ATTRIBUTE 'Distance to instrument 36 (Piano), style 1' NUMERIC
@ATTRIBUTE 'Distance to instrument 36 (Piano), style 2' NUMERIC
@ATTRIBUTE 'Distance to instrument 36 (Piano), style 3' NUMERIC
@ATTRIBUTE 'Distance to instrument 36 (Piano), style 4' NUMERIC
@ATTRIBUTE 'Distance to instrument 36 (Piano), style 5' NUMERIC
@ATTRIBUTE 'Distance to instrument 36 (Piano), style 6' NUMERIC
@ATTRIBUTE 'Distance to instrument 36 (Piano), style 7' NUMERIC
@ATTRIBUTE 'Distance to instrument 36 (Piano), style 8' NUMERIC
@ATTRIBUTE 'Distance to instrument 36 (Piano), style 9' NUMERIC
@ATTRIBUTE 'Distance to instrument 36 (Piano), style 10' NUMERIC
@ATTRIBUTE 'Distance to instrument 36 (Piano), style 11' NUMERIC
@ATTRIBUTE 'Distance to instrument 39 (Saxophone), style 2' NUMERIC
@ATTRIBUTE 'Distance to instrument 39 (Saxophone), style 4' NUMERIC
@ATTRIBUTE 'Distance to instrument 39 (Saxophone), style 5' NUMERIC
@ATTRIBUTE 'Distance to instrument 40 (ScaleChangerHarmonium), style 1' NUMERIC
@ATTRIBUTE 'Distance to instrument 42 (Sitar), style 1' NUMERIC
@ATTRIBUTE 'Distance to instrument 43 (Tampura), style 1' NUMERIC
@ATTRIBUTE 'Distance to instrument 44 (Tanbur), style 1' NUMERIC
@ATTRIBUTE 'Distance to instrument 45 (Trombone), style 1' NUMERIC
@ATTRIBUTE 'Distance to instrument 45 (Trombone), style 2' NUMERIC
@ATTRIBUTE 'Distance to instrument 45 (Trombone), style 3' NUMERIC
@ATTRIBUTE 'Distance to instrument 45 (Trombone), style 4' NUMERIC
@ATTRIBUTE 'Distance to instrument 46 (Trumpet), style 9' NUMERIC
@ATTRIBUTE 'Distance to instrument 46 (Trumpet), style 10' NUMERIC
@ATTRIBUTE 'Distance to instrument 47 (Tuba), style 1' NUMERIC
@ATTRIBUTE 'Distance to instrument 47 (Tuba), style 2' NUMERIC
@ATTRIBUTE 'Distance to instrument 47 (Tuba), style 3' NUMERIC
@ATTRIBUTE 'Distance to instrument 48 (TurkeySaz), style 1' NUMERIC
@ATTRIBUTE 'Distance to instrument 50 (Viola), style 1' NUMERIC
@ATTRIBUTE 'Distance to instrument 50 (Viola), style 2' NUMERIC
@ATTRIBUTE 'Distance to instrument 50 (Viola), style 3' NUMERIC
@ATTRIBUTE 'Distance to instrument 50 (Viola), style 4' NUMERIC
@ATTRIBUTE 'Distance to instrument 50 (Viola), style 5' NUMERIC
@ATTRIBUTE 'Distance to instrument 50 (Viola), style 6' NUMERIC
@ATTRIBUTE 'Distance to instrument 50 (Viola), style 7' NUMERIC
@ATTRIBUTE 'Distance to instrument 50 (Viola), style 8' NUMERIC
@ATTRIBUTE 'Distance to instrument 50 (Viola), style 9' NUMERIC

@DATA
1,'AcousticGuitar',1,0.0,0.0003169601581884957,0.004505383850289305,4.9821746699887675e-05,0.010547612108983884,0.005596548550249874,0.005760595302463718,0.0071322403203996805,0.007708097514666155,0.0066733825515109466,0.005376238555627167,0.007560802481373974,0.03969144180968644,0.030300293370391033,0.03813482703246867,0.05311706097247226,0.07753862385225681,0.06575909919898558,0.06188253163530664,0.05581563221349516,0.0753818616916279,0.03167232676110096,0.05477142060393723,0.027983246057241545,0.03520279013483367,0.028856036068940064,0.08739585577873525,0.043698770560601806,0.0792882046233041,0.10036821404175818,0.08542948063970862,0.05888163108800115,0.0370846766054009,0.1393325083504688,0.10678577184500167,0.03505715382846817,0.1252393572605985,0.10910179717992824,0.12515365697586506,0.13816281183104673,0.16779759679330955,0.12046821336890386,0.1267224986471185,0.08318573506757151,0.14437907527742241,0.1233886049953918,0.1246665569551463,0.11178136519846477,0.13135936739491083,0.04290711814679962,0.05476191897872775,0.041584951855263695,0.0408559070859879,0.03902854132615009,0.09538527288473082,0.08119581659381073,0.0007855722712966487,0.10976178276256031,0.022131376831802867,0.022940211955024995,0.07532958344142819,0.04305382071976419,0.04047681362690098,0.010012377663495641,0.009013145165672328,0.028072095157556088,0.10353468814294194,0.034726438475031984,0.03744998306515002,0.11386232872223434,0.04348712293832091,0.09680662122849885,0.07724913852043429,0.07476699006751354,0.07454924294342888,0.02344856832392196,0.024000694763833434,0.04212930320764865,0.046367340702181514,0.029570995415269405,0.06118745034800863,0.04935208348677069,0.032056061100607894,0.14570145387610545,0.010968423911911886,0.005858997802642971,0.013570820799890389,0.007859100536415907,0.11410539803847679,0.028725060043111626,0.048115316540605,0.040943072722321415,0.04980045775130934,0.04316401457805674,0.03509842074382344,0.10113688042058573,0.06533442660068853,0.07273980377616812,0.0947318781339439,0.10903178117600038,0.07115171413521948,0.040393952790431446,0.0875284963247036,0.10645151155877164,0.06831234862680154,0.05103140140261079,0.07050568410093891,0.061737364641423875,0.04959416160385328,0.05648877989835405,0.10164408327543585,0.0693045966198363,0.07252361197110724,0.041631062522947744,0.11316944308797894,0.05923443762322017,0.04771959797610886,0.08032764852769392,0.0931774616847983,0.09394403083459378,0.15053388244138696
1,'AcousticGuitar',2,0.0003169601581884957,0.0,0.004784545247478923,0.00028461264012158807,0.010864572267172379,0.00531254808932241,0.005447610791871705,0.0074114017175892985,0.00802505767285465,0.006965581407293549,0.0055902863633674185,0.007839963878563594,0.04000840196787493,0.03058975150871042,0.038451787190657165,0.05343402113066076,0.07781778524944642,0.06607605935717407,0.06219949179349513,0.05613259237168366,0.07567025050890593,0.0319774872342261,0.05505058200112684,0.02830020621543004,0.035519750293022165,0.02913821950482974,0.08767501717592485,0.0440157307187903,0.07958706623603584,0.10067933480841312,0.08570864203689825,0.059195484477375326,0.0374016367635894,0.13964946850865728,0.10710273200319016,0.03537411398665667,0.1255185186577881,0.10938095857711787,0.12543281837305467,0.13844197322823634,0.16807675819049916,0.12074737476609347,0.1270016600443081,0.08346489646476113,0.144658236674612,0.12366776639258142,0.12494571835233591,0.11206052659565437,0.13167632755309933,0.043186279543989244,0.05504108037591737,0.04186411325245332,0.04113506848317753,0.039307702723339714,0.0956819551744252,0.08147497799100034,0.0010647336684862672,0.11004094415974992,0.021814416673614372,0.02321937335221462,0.07561562844187783,0.04333298211695382,0.0407559750240906,0.01029153906068526,0.009292306562861946,0.028351256554745713,0.10381435397472338,0.035005599872221606,0.037738781054323926,0.11414149011942398,0.04376628433551053,0.09712358138668735,0.0775282999176239,0.07504615146470316,0.07486620310161737,0.02372789471928584,0.024317654922021925,0.04240846460483827,0.046646502099371136,0.02925958715792536,0.06150441050619713,0.049669043644959186,0.03237141004599753,0.14601841403429394,0.011247585309101506,0.006138159199832589,0.013291659402700771,0.008138261933605525,0.1143845594356664,0.0290044093303434,0.04839447793779463,0.041246690930910025,0.05007961914849896,0.04344317597524636,0.03537758214101306,0.10141604181777535,0.06565138675887704,0.07301986755262885,0.0950488382921324,0.10934874133418887,0.07146867429340799,0.04071091294861995,0.08780765772189321,0.10673067295596128,0.06859151002399116,0.051348361560799284,0.07078484549812854,0.062043476598870516,0.04987332300104289,0.05676794129554367,0.10192324467262548,0.06959517099032715,0.07280277336829687,0.04191022392013737,0.11344860448516857,0.05951359902040979,0.047998759373298484,0.08060680992488355,0.09345662308198793,0.09426099099278228,0.15081304383857658
1,'AcousticGuitar',3,0.004505383850289305,0.004784545247478923,0.0,0.004503791049440998,0.006093642806242775,0.010054007740167065,0.010232156039350628,0.007963025021368265,0.007527248953381108,0.00841401188078891,0.00987581288751962,0.0075265919509258815,0.035237472506945325,0.025818822047780812,0.03368085772972756,0.04866309166973115,0.0730332400019675,0.061305129896244474,0.057428562332565526,0.05136166291075405,0.07139355800059773,0.028571249841812484,0.051358249184947496,0.023529276754500433,0.03652351564765253,0.024367290043900133,0.08289047192844594,0.039244801257860694,0.07481613677510623,0.09590840534748352,0.08092409678941932,0.05442455501644572,0.03263070730265979,0.13487853904772767,0.10233180254226056,0.030603184525727065,0.12073397341030918,0.10459641332963894,0.12064827312557576,0.13365742798075744,0.16329221294302024,0.11596282951861454,0.12221711479682917,0.0786803512172822,0.1398736914271331,0.11888322114510251,0.12016117310485698,0.10727598134817545,0.12690539809216972,0.038401734296510316,0.05026940486538112,0.037079568004974396,0.03636206845053917,0.03453268411931632,0.09091102571349559,0.07669236710010764,0.0037198115789926563,0.10525639891227101,0.026594984369177076,0.018434828104735693,0.07084469898094822,0.03854843686947489,0.03597380184085799,0.005506993813206335,0.004508588180004761,0.023580243997993994,0.09904342451379378,0.03023046555300714,0.03296785159339432,0.1093676130002945,0.038981739088031604,0.09235265192575774,0.07274802482572262,0.07026160621722423,0.07009527364068777,0.018956965258356235,0.01954672546109232,0.03763142378287554,0.04186195685189221,0.034044132405404284,0.05673348104526752,0.04489811418402958,0.02760048058506792,0.14124748457336433,0.006463040061622582,0.0013536139523536656,0.018076204650179697,0.003353716686126602,0.10960001418818749,0.02423347986941379,0.043614353096385026,0.03647576146998042,0.045299917505339925,0.038661058284366855,0.030593036893534136,0.09664038976753038,0.06088045729794742,0.06824893809169924,0.09027790883120279,0.10457781187325926,0.06669774483247838,0.03593998348769034,0.0830231124744143,0.10194612770848234,0.06380696477651224,0.04657743209986968,0.06600030025064961,0.05727254713794091,0.04508877775356398,0.051989802082926424,0.09714208026188652,0.06482424152939757,0.0680209264847962,0.037125678672658445,0.10866405923768963,0.054729053772930865,0.04321421412581956,0.07582465233385245,0.08867207783450899,0.08949006153185267,0.14603339132064705
1,'AcousticGuitar',4,4.9821746699887675e-05,0.00028461264012158807,0.004503791049440998,0.0,0.010597433855683772,0.00555407513280973,0.0057322234319932925,0.007126789077467711,0.007757919261366043,0.006698442995804942,0.005375880280162284,0.007571489831802883,0.03974126355638632,0.03032261309722181,0.03818464877916856,0.053166882719172144,0.07753462039239752,0.06580892094568547,0.06193235338200653,0.055865453960195044,0.0754031120974173,0.031710348822737495,0.05477444996324851,0.028033067803941426,0.03525261188153356,0.028871081093341133,0.08739040453580327,0.043748592307301694,0.07931992782454723,0.10041219639692454,0.08542719382014237,0.05892834606588671,0.03713449835210079,0.1393823300971687,0.10683559359170154,0.03510697557516806,0.1252339060176665,0.10909634593699628,0.1251482057329331,0.13815736058811476,0.1677921455503776,0.1204627621259719,0.12671704740418652,0.08318028382463954,0.14437362403449044,0.12338315375245984,0.12466110571221434,0.11177591395553281,0.13140918914161073,0.042904187656986115,0.05477319591482211,0.04158061194026049,0.040865859499980166,0.03903647516875732,0.0954148167629366,0.08119615814954864,0.0007888423591584844,0.10975633151962834,0.022095051761819737,0.022934760712093025,0.07534849003038922,0.0430522055642818,0.04047759289029899,0.010006926420563672,0.00901237922944576,0.02808403504743499,0.10354721556323478,0.03473425660244814,0.03747164264283531,0.11387140404973549,0.04348454943750907,0.09685644297519873,0.07725181587516362,0.07476153882458157,0.07459906469012877,0.023460756307797235,0.02405051651053332,0.04213521483231653,0.046365388152195035,0.02954419979804695,0.06123727209470853,0.04940190523347057,0.03210427163450892,0.14575127562280535,0.01096306836532644,0.005853546559711001,0.013576272042822359,0.007855732064448265,0.11409994679554482,0.02873727091885479,0.04811814414582602,0.04097955251942142,0.04980370855478092,0.043164849333807855,0.03509296950089147,0.1011441808169714,0.06538424834738842,0.07275272914114024,0.09478169988064378,0.10908160292270026,0.07120153588191937,0.040443774537131334,0.08752304508177162,0.10644606031583968,0.06830689738386957,0.051081223149310684,0.07050023285800694,0.0617763381873819,0.049590456886031996,0.056493593132367424,0.10164587131132752,0.06932803257883856,0.0725247175342372,0.041625611280015774,0.11316399184504698,0.0592289863802882,0.0477141467331769,0.08032844338329345,0.09317201044186633,0.09399385258129367,0.15053718237008806
1,'AcousticGuitar',5,0.010547612108983884,0.010864572267172379,0.006093642806242775,0.010597433855683772,0.0,0.005562150077223209,0.005635699557210295,0.0034746572456004873,0.002909290942446748,0.003898990859878831,0.005274285903804962,0.00302594402388089,0.03981633755493986,0.03043908597859073,0.0382597227777221,0.042569448863488374,0.0670049086062192,0.0552114870900017,0.05133491952632275,0.05594052795874859,0.06679184974596548,0.023952769931333107,0.04677476197679337,0.017435633948257655,0.03189130485662183,0.01832232082290245,0.07686214053269762,0.033151158451617924,0.06875448937726648,0.10050700664995788,0.074895765393671,0.04834791584196354,0.03720957235065433,0.1287848962414849,0.09623815973601779,0.0351820495737216,0.11470564201456086,0.09856808193389062,0.11461994172982744,0.12762909658500912,0.15726388154727194,0.12060700597710355,0.11618878340108087,0.0726520198215339,0.13384536003138478,0.1235273976035915,0.12480534956334599,0.10124764995242713,0.12081175528592696,0.04304591075499933,0.05490071158692745,0.04172374446346339,0.0409946996941876,0.039167333934349784,0.08485155763869322,0.08133460920201042,0.00980859149652529,0.09922806751652269,0.022006481086549443,0.023079004563224693,0.06479586819539059,0.03252010547372658,0.029943098380863366,0.010151170271695334,0.009151937773872021,0.028210887765755786,0.09300097289690433,0.03486523108323168,0.03758877567334972,0.10332861347619675,0.0329534076922833,0.08625900911951495,0.06671542327439667,0.06423327482147592,0.06400163083444499,0.023587360932121656,0.02412559050908686,0.03159558796161103,0.0358336254561439,0.02944609967001598,0.05063983823902476,0.0388044713777868,0.021522345854570277,0.13515384176712156,0.011107216520111582,0.005997790410842665,0.01344206198505421,0.007997893144615601,0.10474545312358781,0.02886385265131132,0.0375816012945674,0.0304093574762838,0.03926674250527173,0.03263029933201913,0.035237213352023136,0.09060316517454813,0.054786814491704645,0.06220608853013051,0.08418426602496003,0.0984841690670165,0.06061702865091084,0.040518848535684875,0.07699478107866599,0.09591779631273405,0.05777863338076392,0.04048378929362691,0.0599719688549013,0.05120364939538626,0.039060446357815665,0.04595506465231644,0.09111036802939824,0.05877088137379869,0.061989896725069625,0.031097347276910135,0.10263572784194132,0.04870072237718256,0.03718588273007125,0.0697939332816563,0.0826437464387607,0.08339641872560989,0.14000016719534933
1,'AcousticGuitar',6,0.005596548550249874,0.00531254808932241,0.010054007740167065,0.00555407513280973,0.005562150077223209,0.0,0.0001781482991835625,0.002098853628266889,0.002722635482905479,0.0016631592173443777,0.000287864173418246,0.002536206053342319,0.04528799035993631,0.0358693399007718,0.043731375582718536,0.04813159894071158,0.07250523716012401,0.06077363716722491,0.05689706960354596,0.06141218076374503,0.07036782831895676,0.02667506504427693,0.04973916618478796,0.022997784025480864,0.030217328103072993,0.02383579731488057,0.08236246908660246,0.03871330852884113,0.07428464404608667,0.10595892320047451,0.08039609394757584,0.05389306228742615,0.04268122515565078,0.1343470463187081,0.10180030981324101,0.04065370237871805,0.1202059705684657,0.10406841048779546,0.12012027028373227,0.13312942513891393,0.16276421010117678,0.12601683725878163,0.12168911195498568,0.0781523483754387,0.1393456885852896,0.12893722888526957,0.13021518084502406,0.10674797850633196,0.12637390536315016,0.048455742036677386,0.0603199227183721,0.04713357574514146,0.04641258630353016,0.04458320197230731,0.09037953298447604,0.08674444048368847,0.006335569162708471,0.10472839607042751,0.016540976629010006,0.02848883584490276,0.07031320625192866,0.0380204340276314,0.03544342693476819,0.0155610015533734,0.014561769055550088,0.03363076185098498,0.09851193178477423,0.04028098340599813,0.0430183694463853,0.10883612027127494,0.03845373624618812,0.09182115919673817,0.07221653209670306,0.06973360337538075,0.0695637809116682,0.02900748311134722,0.02959724331408331,0.03709993105385597,0.041333954010048725,0.023990124665237218,0.05620198831624795,0.044366621455010004,0.02706898785604836,0.14071599184434477,0.016517047801789645,0.011407621692520733,0.008022196910012628,0.013407724426293668,0.10907201134634399,0.03428399772240478,0.04308286036736545,0.03594426874096086,0.04476842477632035,0.038130627885923946,0.0406470446337012,0.09610889703851082,0.060348964568927854,0.06771744536267967,0.08974641610218322,0.10404631914423969,0.06616625210345882,0.045990501340681327,0.0824951096325708,0.10141812486663886,0.06327896193466875,0.046045939370850116,0.06547229740880611,0.05674105440892133,0.04456077491172048,0.051458309353906856,0.09661069658330307,0.064292748800378,0.06749022527897446,0.03659767583081496,0.10813605639584616,0.05420105093108738,0.042686211283976074,0.07529426183556114,0.08814407499266552,0.0889585688028331,0.14550189859162752
1,'AcousticGuitar',7,0.005760595302463718,0.005447610791871705,0.010232156039350628,0.0057322234319932925,0.005635699557210295,0.0001781482991835625,0.0,0.002277001927450452,0.0028224034104472034,0.0018272059695582212,0.0003843567468365512,0.002705564088424746,0.04545203711215015,0.03603338665298564,0.043895422334932384,0.04818717293511938,0.07257491270150153,0.06082921116163271,0.05695264359795377,0.06157622751595887,0.07042340231336454,0.026730639038684726,0.04980770945318196,0.02305335801988866,0.03027290209748079,0.023892324918184788,0.08243214462797997,0.03876888252324893,0.07434021804049447,0.10612296995268837,0.08046576948895336,0.05394863628183394,0.042845271907864614,0.13440262031311592,0.1018558838076488,0.04081774913093189,0.12027564610984322,0.10413808602917297,0.12018994582510979,0.13319910068029148,0.1628338856425543,0.12619498555796518,0.12175878749636321,0.07822202391681622,0.13941536412666714,0.12911537718445312,0.13039332914420762,0.10681765404770949,0.12642947935755797,0.04863389033586094,0.06048869116778907,0.047311724044325015,0.04658267927504922,0.04475531351521141,0.09043510697888384,0.08692258878287205,0.006512344460357971,0.10479807161180504,0.016370781529339146,0.028666984144086315,0.07036878024633646,0.03809010956900893,0.03551310247614571,0.015739149852556963,0.01473991735473365,0.03379886734661741,0.09857097699218666,0.040453210664093305,0.04318241619859914,0.10889861757147908,0.03852341178756564,0.09187673319114596,0.07228542736967901,0.06980327891675826,0.069619354906076,0.02917534051298329,0.029761290066297158,0.03716559205689337,0.041403629551426235,0.023811976366053658,0.056257562310655755,0.044422195449417806,0.027124561850456155,0.14077156583875258,0.016695196100973208,0.011585769991704293,0.007844048610829065,0.013585872725477227,0.10914168688772152,0.03445183223217294,0.04315160538984974,0.03599984273536865,0.04483674660055406,0.03820030342730146,0.04082519293288476,0.09617316926983045,0.06040453856333564,0.06777609262541286,0.08980199009659101,0.10410189313864748,0.0662218260978666,0.04615454809289516,0.08256478517394832,0.10148780040801637,0.06334863747604626,0.04610151336525792,0.06554197295018364,0.05679662840332914,0.04463045045309801,0.051525068747598775,0.09668037212468057,0.06434832279478578,0.06755990082035197,0.03666735137219248,0.10820573193722366,0.0542707264724649,0.04275588682535359,0.07536393737693865,0.08821375053404303,0.08901414279724089,0.14557017129063168
1,'AcousticGuitar',8,0.0071322403203996805,0.0074114017175892985,0.007963025021368265,0.007126789077467711,0.0034746572456004873,0.002098853628266889,0.002277001927450452,0.0,0.0006351426512827571,0.00045885776888873357,0.0019206587756194439,0.0004487132217195976,0.04320049752831359,0.03378184706914908,0.041643882751095825,0.04604410610908886,0.07041184378231423,0.05868614433560219,0.05480957677192324,0.05932468793212231,0.06828033548733403,0.024587572212654212,0.04765167335316523,0.020910291193858146,0.028568361535752356,0.021748304483257846,0.08026551125671628,0.03662581569721841,0.07219715121446396,0.10387143036885178,0.0783044172100591,0.051805569455803425,0.040593732324028055,0.13225955348708537,0.09971281698161827,0.03856620954709533,0.1181071169401988,0.10196955685952856,0.11802141665546538,0.13103057151064704,0.1606653564729099,0.12391798363051472,0.11959025832671878,0.07605349474717184,0.1372468349570227,0.12683837525700267,0.12811632721675717,0.10464912487806509,0.12428641253152745,0.04636342162891338,0.05823242988674938,0.045039845912187765,0.04432509347190744,0.04249570914068459,0.08829204015285332,0.08465539212147592,0.006346668049103031,0.10262954244216065,0.018639830257276894,0.026389982216635872,0.06822571342030594,0.03592942895419851,0.0333548162802157,0.013464562715129488,0.012471613201373027,0.03154326901936226,0.0964244389531515,0.03819349057437541,0.040930876614762586,0.1067486274396522,0.036361772827425774,0.08973366636511544,0.07012903926508035,0.06763474974711385,0.06747628808004548,0.0269199902797245,0.027509750482460585,0.03501243822223325,0.03924261154211175,0.02608897829350411,0.05411449548462524,0.042279128623387285,0.024981495024425638,0.13862849901272203,0.014422302337253704,0.009308768064253842,0.010121050538279518,0.01131496603637553,0.1069741001603246,0.03219650489078206,0.04099536753574274,0.03385677590933813,0.04268093194469763,0.03604207272372457,0.03855054677528643,0.0940214042068881,0.058261471737305136,0.06562995253105695,0.0876589232705605,0.10195882631261698,0.0640787592718361,0.0439030085090586,0.0803962560043039,0.09931927123837198,0.06118010830640186,0.04395844653922739,0.06337344378053923,0.05465356157729862,0.04246768027594871,0.04937081652228414,0.09452309470124425,0.062205255968755264,0.06540194092415393,0.03450089137398551,0.10603720276757926,0.05210219730282049,0.0405883398244243,0.07320566677321018,0.0860480850492251,0.0868710759712104,0.14341440576000478
1,'AcousticGuitar',9,0.007708097514666155,0.00802505767285465,0.007527248953381108,0.007757919261366043,0.002909290942446748,0.002722635482905479,0.0028224034104472034,0.0006351426512827571,0.0,0.001059476265561101,0.0024380466636106522,0.00018642942956315954,0.042684891871781004,0.03332215847348284,0.041104303995743295,0.0454089634578061,0.06991419954866594,0.058051001684319425,0.054174434120640484,0.05875382410551167,0.06775743738803705,0.024047902457510095,0.04714699630034636,0.02033839798470288,0.029078008709858733,0.021231611765349198,0.07977143147514437,0.03599067304593565,0.07166378031971324,0.10339007914484999,0.07780505633611776,0.05125720678441028,0.04008814166735002,0.13162441083580265,0.09912392868358916,0.03800726262481936,0.1176149329570076,0.10147737287633739,0.1175292326722742,0.13053838752745586,0.16017317248971868,0.12349007847199565,0.1190980743435276,0.07556131076398064,0.13675465097383152,0.1264104700984836,0.12768842205823808,0.10415694089487389,0.12365126988024468,0.04592898324989143,0.057783784081819556,0.0446068169583555,0.043877772189079706,0.0420504064292419,0.08776084858113996,0.08421768169690252,0.006969076902207559,0.10213735845896944,0.019193184939786348,0.025962077058116803,0.06770515913783733,0.03542939641617333,0.03285238932331012,0.013034242766587443,0.01203501026876413,0.031093960260647896,0.09591026383935108,0.03774830357812379,0.040471848168241835,0.10623790441864349,0.035862698634730045,0.08910309016379338,0.06962471421684341,0.06714256576392268,0.06684114542876272,0.026470433427013763,0.02693888665584995,0.03450487890405778,0.03874291639859065,0.026632803523252892,0.05347935283334248,0.04164398597210453,0.02443163679701703,0.13799335636143928,0.01399028901500369,0.008880862905734773,0.010628765838291115,0.01088096563950771,0.10648097373488592,0.03174692514620343,0.04049089223701414,0.03331864841873055,0.042176033447718475,0.03553959027446587,0.03812028584691524,0.09351245611699487,0.057690802082608315,0.06511537947257726,0.08704357686046155,0.10135924987569538,0.0635263195933576,0.043362869532862114,0.07990407202111272,0.09882708725518079,0.060687924323210664,0.04332330388794464,0.06288125979734804,0.054112940337833,0.04196973730026241,0.04886435559476318,0.09401965897184499,0.06168017231624545,0.06489918766751637,0.03400663821935688,0.10554501878438809,0.051610013319629305,0.040095173672518,0.07270322422410307,0.08555303738120745,0.08623593331992763,0.1429094581377961
1,'AcousticGuitar',10,0.0066733825515109466,0.006965581407293549,0.00841401188078891,0.006698442995804942,0.003898990859878831,0.0016631592173443777,0.0018272059695582212,0.00045885776888873357,0.001059476265561101,0.0,0.0014618010067307102,0.000887419929863028,0.043624831142591934,0.03420892140089064,0.04206821636537417,0.04646843972336721,0.07086524130074585,0.05911047794988053,0.05523391038620159,0.05974902154640065,0.06870847914011696,0.025011905826932555,0.04809803805242629,0.021334624808136488,0.028554168885728617,0.022182653517429114,0.0807224732272243,0.03705014931149675,0.0726214848287423,0.10429576398313013,0.07875609808819768,0.052229903070081775,0.041018065938306404,0.13268388710136372,0.10013715059589663,0.038990543161373674,0.11856597470908754,0.1024284146284173,0.11848027442435412,0.1314894292795358,0.16112421424179862,0.12437684139940347,0.12004911609560753,0.07651235251606056,0.13770569272591146,0.1272972330258914,0.1285751849856459,0.10510798264695381,0.1247107461458058,0.04681574617729923,0.05867054700922736,0.0454935798857633,0.04476453511648751,0.0429371693566497,0.08871637376713166,0.08510444462431033,0.005909600636646458,0.10308840021104937,0.018197987498897367,0.026848839985524606,0.06865620088991725,0.03638043816825325,0.03380343107539003,0.013921005693995245,0.012921773196171932,0.0319807231880557,0.09686130559143098,0.03863506650553159,0.04135861109564964,0.1071889461707234,0.036813740386809964,0.09015799997939379,0.07057575596892333,0.06809360751600259,0.06790062169432383,0.027357196354421565,0.02793408409673893,0.0354559206561377,0.03969395815067057,0.025637606082363904,0.054538829098903584,0.042703462237665635,0.02540582863870398,0.13905283262700038,0.014877051942411491,0.009767625833142576,0.009662192769390785,0.011767728566915511,0.10743201548696585,0.032633688073611236,0.041441933989094064,0.03428110952361648,0.043127075199798394,0.036490632026545795,0.039007048774323046,0.09446349786907478,0.058685805351583485,0.06606642122465718,0.08808325688483885,0.10238315992689533,0.06450309288611443,0.04432734212333695,0.08085511377319266,0.09977812900726073,0.0616389660752906,0.04438278015350574,0.06383230154942797,0.055077895191576964,0.04292077905234234,0.0498153973468431,0.09497070072392493,0.06263121406832536,0.0658502294195963,0.034957679971436804,0.106496060536468,0.05256105507170922,0.041046215424597916,0.07365426597618298,0.08650407913328735,0.08729540958548872,0.143860499889876
1,'AcousticGuitar',11,0.005376238555627167,0.0055902863633674185,0.00987581288751962,0.005375880280162284,0.005274285903804962,0.000287864173418246,0.0003843567468365512,0.0019206587756194439,0.0024380466636106522,0.0014618010067307102,0.0,0.002349220936593738,0.045067680365313605,0.03567072240762135,0.04351106558809584,0.04784373476729333,0.07225948812868103,0.06048577299380666,0.056609205430127714,0.061191870769122324,0.07010272596805213,0.026393191037525184,0.049492284880361455,0.02270991985206262,0.029929463929654745,0.02357690034536429,0.08211672005515946,0.03842544435542288,0.07400906889972832,0.10573864307898852,0.08015034491613286,0.0536051981140079,0.04246091516102807,0.1340591821452899,0.10151244563982276,0.040433392384095344,0.11996022153702272,0.1038226614563525,0.11987452125228931,0.13288367610747095,0.1625184610697338,0.12583864240613418,0.1214433629235427,0.07790659934399573,0.1390999395538466,0.12875903403262215,0.13003698599237662,0.10650222947488898,0.1260860411897319,0.048277547184029934,0.06013234801595806,0.046955380892494014,0.04622633612321822,0.0443989703633804,0.09010613716115505,0.08656624563104104,0.006156001308526963,0.10448264703898452,0.0167551382761757,0.028310640992255314,0.07005044771785242,0.03777468499618842,0.03519767790332521,0.015382806700725955,0.014383574202902642,0.033442524194786404,0.09825555241936616,0.040096867512262296,0.042820412102380336,0.10858319299865858,0.03820798721474514,0.09153329502331992,0.0719700027968585,0.06948785434393777,0.06927591673824995,0.028818997361152277,0.0293769333194606,0.03685016748407287,0.04108820497860574,0.02419475685964224,0.05591412414282971,0.04407875728159177,0.02678112368263011,0.14042812767092652,0.0163388529491422,0.011229426839873284,0.008200391762660074,0.013229529573646223,0.108826262314901,0.034095489080341934,0.04283618081702923,0.035663936998745635,0.04452132202773357,0.03788487885448096,0.04046884978105375,0.09585774469700996,0.0600611003955096,0.06746066805259235,0.08945855192876496,0.10375845497082144,0.06587838793004056,0.045770191346058614,0.08224936060112782,0.10117237583519588,0.06303321290322576,0.04575807519743188,0.06522654837736314,0.056458228917848095,0.044315025880277505,0.05120964417477828,0.09636494755186008,0.06402546089626053,0.06724447624753147,0.03635192679937197,0.10789030736440315,0.0539553018996444,0.04244046225253309,0.07504851280411814,0.08789832596122253,0.08867070462941484,0.14525474671781116
1,'AcousticGuitar',12,0.007560802481373974,0.007839963878563594,0.0075265919509258815,0.007571489831802883,0.00302594402388089,0.002536206053342319,0.002705564088424746,0.0004487132217195976,0.00018642942956315954,0.000887419929863028,0.002349220936593738,0.0,0.04275178430659399,0.03333313384742948,0.04119516952937623,0.04559539288736927,0.06997782137088283,0.05823743111388258,0.05436086355020364,0.05887597471040271,0.06783162226561443,0.02413885899093461,0.047210618122563254,0.02046157797213855,0.028996923696726646,0.021299591261538246,0.07983505329736128,0.03617710247549881,0.07174843799274436,0.10342271714713219,0.07786867815833465,0.051356856234083835,0.04014501910230846,0.1318108402653658,0.09926410375989869,0.038117496325375734,0.11767855477922451,0.10154099469855427,0.11759285449449108,0.13060200934967275,0.16023679431193558,0.12348942146954044,0.1191616961657445,0.07562493258619753,0.1368182727960484,0.12640981309602836,0.12768776505578286,0.10422056271709079,0.12383769930980786,0.0459283262474362,0.05778371666502979,0.044606159955900275,0.04387711518662448,0.042049749426786666,0.08784332693113373,0.08421702469444729,0.006782647472644399,0.10220098028118633,0.01907103433489531,0.025961420055661575,0.06777700019858635,0.03549301823839022,0.03291601114552701,0.013033585764132216,0.012034353266308903,0.03109455579764266,0.09597572573143191,0.037747646575668564,0.04048216339304298,0.10630152624086038,0.035926320456946936,0.08928495314339585,0.0696883360390603,0.06720618758613955,0.06702757485832589,0.026471277058004897,0.02706103726074099,0.034568500726274674,0.03880653822080754,0.026517540454478402,0.05366578226290564,0.04183041540166769,0.02453278180270604,0.13817978579100246,0.013989632012548464,0.008880205903279549,0.010549612699253813,0.010880308637052484,0.10654459555710281,0.03174779166906246,0.04055451405923103,0.033408062687618534,0.04223965526993537,0.03560321209668276,0.03811962884446002,0.09357607793921174,0.05781275851558554,0.06518123930933735,0.08721021004884089,0.10151011309089737,0.0636300460501165,0.04345429528733901,0.07996769384332962,0.09889070907739768,0.06075154614542757,0.04350973331750779,0.06294488161956494,0.05420484835557902,0.042033359122479304,0.04892797741698007,0.09408328079406188,0.061756542747035674,0.06496280948973326,0.03407026004157377,0.10560864060660496,0.0516736351418462,0.04015879549473489,0.07276684604631994,0.08561665920342433,0.08642236274949078,0.142973079960013
