% Distances between instruments for pitch 50 (D3)
@RELATION distances

@ATTRIBUTE 'InstrumentId' NUMERIC
@ATTRIBUTE 'Instrument' STRING
@ATTRIBUTE 'StyleId' NUMERIC
@ATTRIBUTE 'Distance to instrument 1 (AcousticGuitar), style 1' NUMERIC
@ATTRIBUTE 'Distance to instrument 1 (AcousticGuitar), style 2' NUMERIC
@ATTRIBUTE 'Distance to instrument 1 (AcousticGuitar), style 3' NUMERIC
@ATTRIBUTE 'Distance to instrument 1 (AcousticGuitar), style 4' NUMERIC
@ATTRIBUTE 'Distance to instrument 1 (AcousticGuitar), style 5' NUMERIC
@ATTRIBUTE 'Distance to instrument 1 (AcousticGuitar), style 6' NUMERIC
@ATTRIBUTE 'Distance to instrument 1 (AcousticGuitar), style 7' NUMERIC
@ATTRIBUTE 'Distance to instrument 1 (AcousticGuitar), style 8' NUMERIC
@ATTRIBUTE 'Distance to instrument 1 (AcousticGuitar), style 9' NUMERIC
@ATTRIBUTE 'Distance to instrument 1 (AcousticGuitar), style 10' NUMERIC
@ATTRIBUTE 'Distance to instrument 1 (AcousticGuitar), style 11' NUMERIC
@ATTRIBUTE 'Distance to instrument 1 (AcousticGuitar), style 12' NUMERIC
@ATTRIBUTE 'Distance to instrument 2 (Balalaika), style 1' NUMERIC
@ATTRIBUTE 'Distance to instrument 3 (Bandura), style 1' NUMERIC
@ATTRIBUTE 'Distance to instrument 4 (BanjoFramus), style 1' NUMERIC
@ATTRIBUTE 'Distance to instrument 6 (Bass), style 1' NUMERIC
@ATTRIBUTE 'Distance to instrument 6 (Bass), style 2' NUMERIC
@ATTRIBUTE 'Distance to instrument 7 (Bassoon), style 1' NUMERIC
@ATTRIBUTE 'Distance to instrument 7 (Bassoon), style 2' NUMERIC
@ATTRIBUTE 'Distance to instrument 9 (Bouzouki), style 1' NUMERIC
@ATTRIBUTE 'Distance to instrument 10 (Cello), style 1' NUMERIC
@ATTRIBUTE 'Distance to instrument 10 (Cello), style 2' NUMERIC
@ATTRIBUTE 'Distance to instrument 10 (Cello), style 3' NUMERIC
@ATTRIBUTE 'Distance to instrument 10 (Cello), style 4' NUMERIC
@ATTRIBUTE 'Distance to instrument 10 (Cello), style 5' NUMERIC
@ATTRIBUTE 'Distance to instrument 10 (Cello), style 6' NUMERIC
@ATTRIBUTE 'Distance to instrument 10 (Cello), style 7' NUMERIC
@ATTRIBUTE 'Distance to instrument 10 (Cello), style 8' NUMERIC
@ATTRIBUTE 'Distance to instrument 10 (Cello), style 9' NUMERIC
@ATTRIBUTE 'Distance to instrument 11 (CeylonGuitar), style 1' NUMERIC
@ATTRIBUTE 'Distance to instrument 12 (Clarinet), style 1' NUMERIC
@ATTRIBUTE 'Distance to instrument 12 (Clarinet), style 2' NUMERIC
@ATTRIBUTE 'Distance to instrument 13 (Contrabassoon), style 1' NUMERIC
@ATTRIBUTE 'Distance to instrument 14 (Cumbus), style 1' NUMERIC
@ATTRIBUTE 'Distance to instrument 15 (DallapeAccordion), style 1' NUMERIC
@ATTRIBUTE 'Distance to instrument 16 (Dilruba), style 1' NUMERIC
@ATTRIBUTE 'Distance to instrument 17 (Domra), style 1' NUMERIC
@ATTRIBUTE 'Distance to instrument 18 (Drums), style 1' NUMERIC
@ATTRIBUTE 'Distance to instrument 18 (Drums), style 2' NUMERIC
@ATTRIBUTE 'Distance to instrument 18 (Drums), style 3' NUMERIC
@ATTRIBUTE 'Distance to instrument 18 (Drums), style 4' NUMERIC
@ATTRIBUTE 'Distance to instrument 18 (Drums), style 5' NUMERIC
@ATTRIBUTE 'Distance to instrument 18 (Drums), style 6' NUMERIC
@ATTRIBUTE 'Distance to instrument 18 (Drums), style 7' NUMERIC
@ATTRIBUTE 'Distance to instrument 18 (Drums), style 8' NUMERIC
@ATTRIBUTE 'Distance to instrument 18 (Drums), style 9' NUMERIC
@ATTRIBUTE 'Distance to instrument 18 (Drums), style 10' NUMERIC
@ATTRIBUTE 'Distance to instrument 18 (Drums), style 11' NUMERIC
@ATTRIBUTE 'Distance to instrument 18 (Drums), style 12' NUMERIC
@ATTRIBUTE 'Distance to instrument 20 (EgyptianFiddle), style 1' NUMERIC
@ATTRIBUTE 'Distance to instrument 21 (ElectricBass), style 1' NUMERIC
@ATTRIBUTE 'Distance to instrument 21 (ElectricBass), style 2' NUMERIC
@ATTRIBUTE 'Distance to instrument 21 (ElectricBass), style 3' NUMERIC
@ATTRIBUTE 'Distance to instrument 21 (ElectricBass), style 4' NUMERIC
@ATTRIBUTE 'Distance to instrument 21 (ElectricBass), style 5' NUMERIC
@ATTRIBUTE 'Distance to instrument 21 (ElectricBass), style 6' NUMERIC
@ATTRIBUTE 'Distance to instrument 21 (ElectricBass), style 7' NUMERIC
@ATTRIBUTE 'Distance to instrument 22 (ElectricGuitar), style 1' NUMERIC
@ATTRIBUTE 'Distance to instrument 22 (ElectricGuitar), style 2' NUMERIC
@ATTRIBUTE 'Distance to instrument 22 (ElectricGuitar), style 3' NUMERIC
@ATTRIBUTE 'Distance to instrument 22 (ElectricGuitar), style 4' NUMERIC
@ATTRIBUTE 'Distance to instrument 22 (ElectricGuitar), style 5' NUMERIC
@ATTRIBUTE 'Distance to instrument 22 (ElectricGuitar), style 6' NUMERIC
@ATTRIBUTE 'Distance to instrument 22 (ElectricGuitar), style 7' NUMERIC
@ATTRIBUTE 'Distance to instrument 22 (ElectricGuitar), style 8' NUMERIC
@ATTRIBUTE 'Distance to instrument 22 (ElectricGuitar), style 9' NUMERIC
@ATTRIBUTE 'Distance to instrument 23 (ElectricPiano), style 1' NUMERIC
@ATTRIBUTE 'Distance to instrument 23 (ElectricPiano), style 2' NUMERIC
@ATTRIBUTE 'Distance to instrument 23 (ElectricPiano), style 3' NUMERIC
@ATTRIBUTE 'Distance to instrument 23 (ElectricPiano), style 4' NUMERIC
@ATTRIBUTE 'Distance to instrument 23 (ElectricPiano), style 5' NUMERIC
@ATTRIBUTE 'Distance to instrument 23 (ElectricPiano), style 6' NUMERIC
@ATTRIBUTE 'Distance to instrument 26 (Fujara), style 1' NUMERIC
@ATTRIBUTE 'Distance to instrument 27 (Horn), style 1' NUMERIC
@ATTRIBUTE 'Distance to instrument 27 (Horn), style 2' NUMERIC
@ATTRIBUTE 'Distance to instrument 27 (Horn), style 3' NUMERIC
@ATTRIBUTE 'Distance to instrument 29 (Kantele), style 1' NUMERIC
@ATTRIBUTE 'Distance to instrument 31 (MorinKhuurViolin), style 1' NUMERIC
@ATTRIBUTE 'Distance to instrument 33 (Oud), style 1' NUMERIC
@ATTRIBUTE 'Distance to instrument 34 (Organ), style 1' NUMERIC
@ATTRIBUTE 'Distance to instrument 34 (Organ), style 2' NUMERIC
@ATTRIBUTE 'Distance to instrument 34 (Organ), style 3' NUMERIC
@ATTRIBUTE 'Distance to instrument 34 (Organ), style 4' NUMERIC
@ATTRIBUTE 'Distance to instrument 34 (Organ), style 5' NUMERIC
@ATTRIBUTE 'Distance to instrument 34 (Organ), style 6' NUMERIC
@ATTRIBUTE 'Distance to instrument 35 (Panflute), style 1' NUMERIC
@ATTRIBUTE 'Distance to instrument 36 (Piano), style 1' NUMERIC
@ATTRIBUTE 'Distance to instrument 36 (Piano), style 2' NUMERIC
@ATTRIBUTE 'Distance to instrument 36 (Piano), style 3' NUMERIC
@ATTRIBUTE 'Distance to instrument 36 (Piano), style 4' NUMERIC
@ATTRIBUTE 'Distance to instrument 36 (Piano), style 5' NUMERIC
@ATTRIBUTE 'Distance to instrument 36 (Piano), style 6' NUMERIC
@ATTRIBUTE 'Distance to instrument 36 (Piano), style 7' NUMERIC
@ATTRIBUTE 'Distance to instrument 36 (Piano), style 8' NUMERIC
@ATTRIBUTE 'Distance to instrument 36 (Piano), style 9' NUMERIC
@ATTRIBUTE 'Distance to instrument 36 (Piano), style 10' NUMERIC
@ATTRIBUTE 'Distance to instrument 36 (Piano), style 11' NUMERIC
@ATTRIBUTE 'Distance to instrument 39 (Saxophone), style 1' NUMERIC
@ATTRIBUTE 'Distance to instrument 39 (Saxophone), style 2' NUMERIC
@ATTRIBUTE 'Distance to instrument 39 (Saxophone), style 4' NUMERIC
@ATTRIBUTE 'Distance to instrument 39 (Saxophone), style 5' NUMERIC
@ATTRIBUTE 'Distance to instrument 40 (ScaleChangerHarmonium), style 1' NUMERIC
@ATTRIBUTE 'Distance to instrument 42 (Sitar), style 1' NUMERIC
@ATTRIBUTE 'Distance to instrument 43 (Tampura), style 1' NUMERIC
@ATTRIBUTE 'Distance to instrument 44 (Tanbur), style 1' NUMERIC
@ATTRIBUTE 'Distance to instrument 45 (Trombone), style 1' NUMERIC
@ATTRIBUTE 'Distance to instrument 45 (Trombone), style 2' NUMERIC
@ATTRIBUTE 'Distance to instrument 45 (Trombone), style 3' NUMERIC
@ATTRIBUTE 'Distance to instrument 45 (Trombone), style 4' NUMERIC
@ATTRIBUTE 'Distance to instrument 46 (Trumpet), style 9' NUMERIC
@ATTRIBUTE 'Distance to instrument 46 (Trumpet), style 10' NUMERIC
@ATTRIBUTE 'Distance to instrument 47 (Tuba), style 1' NUMERIC
@ATTRIBUTE 'Distance to instrument 47 (Tuba), style 2' NUMERIC
@ATTRIBUTE 'Distance to instrument 47 (Tuba), style 3' NUMERIC
@ATTRIBUTE 'Distance to instrument 48 (TurkeySaz), style 1' NUMERIC
@ATTRIBUTE 'Distance to instrument 50 (Viola), style 1' NUMERIC
@ATTRIBUTE 'Distance to instrument 50 (Viola), style 2' NUMERIC
@ATTRIBUTE 'Distance to instrument 50 (Viola), style 3' NUMERIC
@ATTRIBUTE 'Distance to instrument 50 (Viola), style 4' NUMERIC
@ATTRIBUTE 'Distance to instrument 50 (Viola), style 5' NUMERIC
@ATTRIBUTE 'Distance to instrument 50 (Viola), style 6' NUMERIC
@ATTRIBUTE 'Distance to instrument 50 (Viola), style 7' NUMERIC
@ATTRIBUTE 'Distance to instrument 50 (Viola), style 8' NUMERIC
@ATTRIBUTE 'Distance to instrument 50 (Viola), style 9' NUMERIC

@DATA
1,'AcousticGuitar',1,0.0,0.004140953740621024,0.0026609850944153894,0.0015194465596807683,0.002115509840527604,0.0029795396602502622,0.004729655487953482,0.00233763019902285,0.0021396532798087413,0.0021235067675877055,0.0036442000980145364,0.001922843707923771,0.03612734886049873,0.02845140030628106,0.041972232186839736,0.06512859440360971,0.055785621768833095,0.056296368167547406,0.0612261591318301,0.04263552673020513,0.06548841597420314,0.057470200912299645,0.04026459233460396,0.037145967000745,0.035477813537793876,0.03622966115850656,0.07805580452401491,0.05005171287365947,0.07157945777705842,0.10465615621247136,0.06216329198426788,0.09635380273883559,0.06801373381238085,0.08882550154794538,0.11679364087920574,0.11015144797634592,0.03132502164767972,0.10848132254389142,0.0938366030722857,0.11833201860072622,0.10941924683005289,0.12927347590251062,0.1201156812842144,0.11798325031439606,0.07024417524133214,0.11662766828922251,0.11775956337096248,0.12255930558665312,0.14321108284563716,0.12829957956372326,0.04602570389014394,0.047075344756247944,0.03922938212910646,0.03966027042874546,0.040417221268334406,0.05674401109570965,0.07726890025699197,0.10358214613723304,0.11782954950890595,0.004128857237858442,0.02351831001403903,0.05807586494682638,0.036282627672359624,0.03305320323667012,0.008111144541164574,0.005813752236565086,0.02422439424682799,0.07624300305726327,0.03093884914856938,0.0351131095157598,0.07371807513211677,0.041146114278552824,0.09132265673138203,0.05470697462185766,0.0639016504740504,0.06244857267934723,0.021462296766830535,0.08707286589296241,0.027597596659630626,0.03545589397583387,0.04028696851117511,0.0324914083993526,0.06853891136562242,0.04480003689526022,0.02665507081993894,0.14885732988555106,0.009643272350059339,0.07055351979354245,0.02163708899655183,0.010854025833528465,0.04502034143799665,0.020551569727229786,0.02767967856260564,0.04457830359044107,0.05222010397819358,0.039955071560698725,0.04754371629002588,0.10057985963953552,0.09132979443685134,0.07054133518799748,0.07950368836185652,0.09619400318614259,0.10500901675282782,0.07761185780280003,0.06773496392308336,0.08962714761789825,0.08639302825420038,0.06715912100083905,0.04114565420406239,0.05801594281749023,0.060588784344684066,0.09599142832062706,0.0484573759552868,0.09344295630796011,0.04597205190532627,0.0653548469897133,0.05034639218297674,0.06298129757296171,0.07835270095655865,0.042789331062748424,0.07309067017823508,0.059055278161861784,0.05604542665339812,0.07135216406420287
1,'AcousticGuitar',2,0.004140953740621024,0.0,0.006788046237872384,0.005652608467115264,0.006256463581148629,0.0011623803671981037,0.0005923108317301645,0.0018071730053957442,0.002010821878888951,0.0020174469730333184,0.0004967536426064874,0.002218110032697253,0.04026830260111976,0.03259235404690209,0.046113185927460755,0.06926954814423074,0.05992170591017188,0.06043732190816844,0.06536711287245112,0.046776480470826165,0.06962936971482418,0.06161115465292066,0.04440554607522498,0.04128692074136603,0.0396187672784149,0.04037061489912758,0.0821834602243761,0.05419266661428049,0.07572041151767943,0.10879710995309234,0.06630424572488891,0.10048967131234461,0.07215468755300188,0.09296645528856641,0.12093459461982677,0.11429240171696693,0.03546597538830074,0.11260838368734839,0.0979636642157427,0.1224590797441832,0.11354630797350988,0.13340053704596763,0.12424274242767142,0.12211031145785305,0.07437123638478914,0.12075472943267951,0.12188662451441946,0.1266863667301101,0.14733814398909414,0.13244053330434427,0.05016080555825084,0.05121629849686896,0.04336520315596726,0.043801224169366486,0.04455817500895543,0.06088496483633068,0.08140707864700007,0.10692509100299778,0.12196039673081914,1.4674734499351452e-05,0.02764537115749603,0.062216818687447405,0.0404155044107373,0.0371874381258896,0.012241745155719257,0.009947817980195109,0.028365347987449014,0.08037864112431464,0.0350798028891904,0.03925406325638083,0.07785902887273781,0.04528045466635017,0.09546361047200307,0.05883689930293732,0.06802914466057605,0.06658952641996825,0.02560325050745156,0.09120972563327406,0.03173855040025165,0.039596847716454886,0.044424149751510496,0.036632362139973625,0.07267986510624344,0.048940990635881254,0.030796024560559965,0.15299828362617207,0.013779150405524144,0.07115576984326355,0.01751002785309484,0.014981086976985457,0.04914740258145364,0.02469252346785081,0.03181547627041458,0.0487192573310621,0.05636105771881461,0.04409440736696126,0.05167420301307296,0.10472081338015653,0.09547074817747236,0.0746822889286185,0.08364464210247756,0.1003349569267636,0.10914997049344886,0.08175281154342105,0.07187591766370438,0.09375420876135525,0.09052008939765738,0.07128618214429605,0.045286607944683414,0.062143003960947234,0.06472973808530509,0.10012499683293515,0.052598329695907824,0.09758112043301963,0.050113005645947305,0.06949486115999781,0.05447345332643374,0.06711018321722641,0.08247976210001563,0.046916392206205415,0.0772316239188561,0.06318525261381754,0.060186380394019155,0.07549311780482391
1,'AcousticGuitar',3,0.0026609850944153894,0.006788046237872384,0.0,0.001141538534734621,0.0005682685564816801,0.00562566587067428,0.007380357069602549,0.004981193590094215,0.004800638374224131,0.004776392313600321,0.006301917880604688,0.004570276297795591,0.03348378546942737,0.0258078369152097,0.03932866879576837,0.06248503101253835,0.053137188778479505,0.05365280477647605,0.058582595740758726,0.039991963339133775,0.06284485258313179,0.058941968037972296,0.03822879099574531,0.03450240360967364,0.03283425014672251,0.03358609776743519,0.0753989430926837,0.0474081494825881,0.06893589438598705,0.10201259282139996,0.05951972859319652,0.09370515418065224,0.06537017042130948,0.08618193815687403,0.11415007748813437,0.10750788458527456,0.028681458256608356,0.10582033744947601,0.09117561797787029,0.1156710335063108,0.10675826173563747,0.12661249080809522,0.11745475371936794,0.11532226521998067,0.06758319014691676,0.11396668319480711,0.11509872157246509,0.11989832049223771,0.14055009775122176,0.12565601617265187,0.04337628842655845,0.04443178136517658,0.03658068602427487,0.037016707037674096,0.03777365787726304,0.05410044770463829,0.07462256151530768,0.10624313123164843,0.11517587959912674,0.006789842332273832,0.020857612598771502,0.055432301555755015,0.03363098727904491,0.030402920994197214,0.005457228024026869,0.003163300848502719,0.021580830855756628,0.07359412399262226,0.028295285757498023,0.03246954612468844,0.07107451174104541,0.03849593753465778,0.08867909334031067,0.052052382171244936,0.06124462752888366,0.05980500928827587,0.01881873337575917,0.08442520850158168,0.02495403326855927,0.032812330584762496,0.03763963261981811,0.029847845008281235,0.06589534797455106,0.042156473504188864,0.02401150742886757,0.14621376649447967,0.006994633273831755,0.07319841396074613,0.024298074090967223,0.00819482267850504,0.04648928884091808,0.01790800633615842,0.025030959138722192,0.04193474019936971,0.04957654058712222,0.03730989023526888,0.044889685881380585,0.09793629624846416,0.08868623104578,0.06789777179692612,0.07686012497078516,0.09355043979507123,0.10236545336175647,0.07496829441172867,0.065091400532012,0.0869682512688964,0.0837335853424364,0.06449813590642367,0.038502090812991024,0.05535495772307485,0.05794522095361271,0.09334047970124276,0.045813812564215434,0.09079660330132723,0.043328488514254915,0.06271034402830543,0.04768663949378529,0.06032566608553402,0.07569385078327359,0.04013157260399839,0.07044710678716372,0.05640073548212515,0.053401863262326765,0.06870860067313152
1,'AcousticGuitar',4,0.0015194465596807683,0.005652608467115264,0.001141538534734621,0.0,0.0006038551140333636,0.004491194386744502,0.006241310214447721,0.00384928492551709,0.00365909983948951,0.0036351614940819455,0.005160379345870067,0.0034344984344180114,0.03461569413400449,0.02693974557978682,0.04046057746034549,0.06361693967711547,0.054269097443056614,0.05478471344105317,0.05971450440533586,0.0411238720037109,0.06397676124770892,0.05780042950323767,0.03875293760810972,0.03563431227425076,0.033966158811299635,0.03471800643201232,0.07653635796433413,0.04854005814716522,0.07006780305056416,0.1031445014859771,0.060651637257773644,0.09483706284522936,0.06650207908588661,0.08731384682145116,0.1152819861527115,0.10863979324985168,0.029813366921185473,0.10696187598421066,0.09231715651260491,0.11681257204104545,0.10789980027037212,0.12775402934282987,0.11859623472453364,0.11646380375471531,0.06872472868165137,0.11510822172954176,0.11624011681128171,0.12103985902697235,0.14169163628595638,0.126787924837229,0.04450819709113557,0.045563690029753696,0.037712594688851984,0.03814861570225122,0.038905566541840166,0.05523235636921542,0.0757544701798848,0.10510159269691381,0.11631010294922518,0.005648303797539211,0.021998863454358263,0.05656421022033214,0.034763181112678856,0.03153482965877434,0.0065916979814838045,0.004295209513079844,0.022712739520333747,0.07472603265719939,0.02942719442207514,0.033601454789265565,0.07220642040562253,0.039627846199234894,0.0898110020048878,0.053187528062176886,0.06238220391436964,0.060936917952853,0.019950642040336294,0.08555711716615881,0.026085941933136386,0.033944239249339626,0.038771541284395236,0.03097975367285836,0.06702725663912817,0.04328838216876599,0.025143416093444698,0.1473456751590568,0.00812654193840888,0.07206517452003669,0.023156535556232604,0.009334579273847695,0.045357162002175905,0.019039915000735545,0.026162867803299312,0.04306664886394684,0.05070844925169935,0.038441798899845996,0.04602426973034512,0.09906820491304126,0.08981813971035711,0.06902968046150322,0.07799203363536229,0.09468234845964835,0.1034973620263336,0.07610020307630579,0.06622330919658911,0.08810770105821748,0.08487358169451963,0.06563967444115829,0.03963399947756815,0.05649649625780947,0.05907712961818982,0.09447238836581988,0.04694572122879256,0.09192851196590435,0.04446039717883204,0.06384225269288256,0.048826945623295974,0.061461851013280944,0.07683325439687788,0.04126988450306765,0.07157901545174084,0.05753583160218101,0.05453377192690389,0.06984050933770863
1,'AcousticGuitar',5,0.002115509840527604,0.006256463581148629,0.0005682685564816801,0.0006038551140333636,0.0,0.005095049500777866,0.0068451653284810855,0.004453140039550454,0.004245641702259676,0.004239016608115309,0.005759709938542141,0.004038353548451375,0.03401183901997113,0.02633589046575346,0.039856722346312136,0.06301308456308212,0.053692905230899396,0.054180858327019805,0.0591106492913025,0.04052001688967754,0.06337290613367555,0.05837369948149062,0.03814908249407636,0.0350304571602174,0.03336230369726627,0.03411415131797895,0.07596308798608119,0.04793620303313186,0.06946394793653081,0.10254064637194373,0.06006635071029159,0.0942610862009019,0.06589822397185324,0.08670999170741778,0.11467813103867812,0.10803593813581831,0.029209511807152113,0.10638860600595769,0.09174388653435196,0.1162393020627925,0.10732653029211915,0.12718075936457693,0.1180229647462807,0.11589053377646236,0.06815145870339843,0.11453495175128879,0.11566684683302875,0.12046658904871942,0.14111836630770344,0.12618406972319562,0.04393298735221023,0.04498243390723445,0.037136665591172756,0.037558494337249844,0.03831776341527491,0.054637899392391144,0.07517618371905825,0.10569257667180082,0.11573683297097224,0.006241788846649277,0.021425593476105325,0.055973792646922586,0.03418991113442592,0.03096048669873641,0.006018428003230864,0.0037210356986313773,0.0221234887616588,0.07415028651932955,0.02884266358359849,0.03300481556577952,0.0716141210542507,0.03905339774061911,0.08920714689085445,0.05261425808392395,0.0618089339361167,0.06033306283881964,0.01936327138958734,0.08498014935502869,0.025482086819103026,0.03336051027020568,0.038194251973241396,0.030375898558824995,0.06642340152509482,0.04268452705473263,0.024539560979411335,0.14674182004502342,0.0075505558121256285,0.07266902963407006,0.023729805534485542,0.008761309295594754,0.045961017116209264,0.01845425261627704,0.025586962024671932,0.04246279374991347,0.050108370651280855,0.03786235502276502,0.04545099975209218,0.09848005410974237,0.08922717620156645,0.06842582534746987,0.07739682945367256,0.09407849334561498,0.10289350691230022,0.07551198719496749,0.06561945408255576,0.08753443107996454,0.08430031171626669,0.06506640446290535,0.03903014436353478,0.05592322627955653,0.05847327450415646,0.09389871178269334,0.04635946573192454,0.09135023977002639,0.043862976770619906,0.0632621304517796,0.048253675645043036,0.060888581035028005,0.07625998441862493,0.04069661452481471,0.07099569850503572,0.05696256162392807,0.05392991681287052,0.0692366542236753
1,'AcousticGuitar',6,0.0029795396602502622,0.0011623803671981037,0.00562566587067428,0.004491194386744502,0.005095049500777866,0.0,0.0017546911989282682,0.0006447926381976404,0.0008494077985181891,0.0008560328926625568,0.0006762520099304075,0.001056695952326491,0.039106888520749,0.031430939966531325,0.044951771847090004,0.06810813406385997,0.05876029182980113,0.05927590782779766,0.06420569879208037,0.0456150663904554,0.06846795563445342,0.060449740572549905,0.04324413199485422,0.040125506660995264,0.038457353198044136,0.03920920081875682,0.08102204614400534,0.05303125253390972,0.07455899743730866,0.1076356958727216,0.06514283164451816,0.09932825723197387,0.07099327347263111,0.09180504120819566,0.119773180539456,0.1131309876365962,0.03430456130792998,0.11144600332015031,0.09680128384854458,0.1212966993769851,0.11238392760631177,0.1322381566787695,0.12308036206047329,0.12094793109065495,0.07320885601759104,0.1195923490654814,0.12072424414722137,0.125523986362912,0.14617576362189602,0.1312791192239735,0.04899939147788007,0.05005488441649821,0.04220378907559649,0.04263981008899572,0.04339676092858467,0.05972355075595992,0.08024566456662931,0.105763676922627,0.12079898265044837,0.0011641764615995514,0.026482990790297926,0.06105540460707664,0.03925409033036654,0.03602602404551884,0.011080331075348495,0.008786403899824347,0.027203933907078256,0.07921722704394389,0.033918388808819644,0.03809264917601007,0.07669761479236704,0.04411904058597941,0.0943021963916323,0.05767548522256657,0.06686773058020529,0.0654281123395975,0.024441836427080796,0.09004831155290331,0.030577136319880894,0.03843543363608413,0.043262735671139745,0.03547094805960286,0.07151845102587269,0.04777957655551049,0.0296346104801892,0.1518368695458013,0.01261773632515338,0.06999338947606544,0.01867240822029294,0.013818706609787354,0.04798502221425554,0.023531109387480053,0.03065406219004382,0.047557843250691345,0.05519964363844385,0.042932993286590504,0.0505127889327022,0.10355939929978579,0.09430933409710161,0.07352087484824775,0.0824832280221068,0.09917354284639285,0.1079885564130781,0.08059139746305029,0.07071450358333363,0.09259182839415714,0.0893577090304593,0.07012380177709794,0.04412519386431265,0.06098062359374914,0.06356832400493433,0.09896358275256438,0.05143691561553706,0.09641970635264886,0.04895159156557654,0.06833344707962706,0.05331107295923563,0.06594876913685564,0.08131738173281754,0.045754675655320015,0.07607020983848534,0.062023838533446785,0.0590249663136484,0.07433170372445315
1,'AcousticGuitar',7,0.004729655487953482,0.0005923108317301645,0.007380357069602549,0.006241310214447721,0.0068451653284810855,0.0017546911989282682,0.0,0.002399483837125909,0.0025995236262214083,0.002606148720365776,0.0010854553899389446,0.002810080771806957,0.040857004348452214,0.03318105579423455,0.04670188767479321,0.0698582498915632,0.06051040765750434,0.06102602365550089,0.06595581461978357,0.04736518221815863,0.07021807146215663,0.06219985640025313,0.04499424782255743,0.04187562248869848,0.04020746902574735,0.04095931664646004,0.08277517649920206,0.05478136836161295,0.07630911326501189,0.10938581170042481,0.06689294747222137,0.10107837305967708,0.07274338930033432,0.09355515703589888,0.12152329636715921,0.1148811034642994,0.0360546771356332,0.11320069451907856,0.09855597504747284,0.12305139057591334,0.11413861880524002,0.13399284787769777,0.12483505325940157,0.12270262228958322,0.0749635472165193,0.12134704026440966,0.12247893534614962,0.12727867756184028,0.14793045482082431,0.13302923505167671,0.05074950730558329,0.05180500024420142,0.04395390490329972,0.044389925916698936,0.04514687675628789,0.061473666583663135,0.08199578039433252,0.10751379275033023,0.1225490984781516,0.0006033764818318086,0.02823768198922619,0.06280552043477987,0.04100420615806976,0.037776139873222064,0.012830516516351732,0.010536519727527565,0.02895404973478147,0.0809673428716471,0.03566850463652286,0.03984276500371329,0.07844773062007027,0.04586915641368263,0.09605231221933552,0.059426346597044814,0.06862102244923757,0.06717822816730072,0.026191952254784018,0.09179842738060652,0.032327252147584105,0.04018554946378735,0.04501285149884296,0.03722106388730608,0.0732685668535759,0.049529692383213704,0.031384726307892415,0.15358698537350454,0.014367852152856601,0.07174808067499372,0.017249568888552336,0.015573397808715623,0.049739713413183805,0.025281225215183268,0.03240417801774704,0.04930795907839456,0.056949759466147075,0.04468310911429372,0.05226308826521304,0.10530951512748898,0.09605944992480482,0.07527099067595096,0.08423334384981,0.10092365867409607,0.10973867224078131,0.08234151329075352,0.07246461941103684,0.09434651959308542,0.09111240022938755,0.07187849297602622,0.045875309692015864,0.0627353147926774,0.06531843983263756,0.10071369858026762,0.053187031443240274,0.09816982218035208,0.05070170739327976,0.07008356290733027,0.055065764158163895,0.06770066954814886,0.0830720729317458,0.047508703037935585,0.07782032566618856,0.06377465013704893,0.06077508214135161,0.07608181955215637
1,'AcousticGuitar',8,0.00233763019902285,0.0018071730053957442,0.004981193590094215,0.00384928492551709,0.004453140039550454,0.0006447926381976404,0.002399483837125909,0.0,0.0002074983372907774,0.00021412343143514494,0.001321044648128048,0.0004147864910990791,0.038464979059521585,0.030789030505303915,0.04430986238586259,0.06746622460263256,0.058118382368573716,0.05863399836657026,0.06356378933085295,0.04497315692922799,0.067826046173226,0.05980783111132249,0.042602222533626805,0.03948359719976785,0.03781544373681672,0.038567291357529405,0.08038013668277792,0.052389343072682316,0.07391708797608126,0.1069937864114942,0.06450092218329075,0.09868634777074646,0.0703513640114037,0.09116313174696823,0.11913127107822859,0.11248907817536878,0.03366265184670257,0.11080121068195266,0.09615649121034693,0.12065190673878745,0.11173913496811412,0.1315933640405719,0.12243594730946217,0.12030313845245731,0.07256423713697195,0.11894755642728376,0.12007991516255932,0.12487919372471436,0.1455309709836984,0.1306372097627461,0.04835748201665266,0.0494129749552708,0.041561879614369086,0.041997900627768314,0.042754851467357254,0.059081641294732506,0.0796037551054019,0.1051217674613996,0.12015707318922098,0.001808969099797192,0.02583880618886572,0.06041349514584923,0.038612180869139125,0.035384114584291436,0.010438421614121084,0.008144494438596933,0.026562024445850846,0.07857531758271646,0.03327647934759224,0.03745073971478265,0.07605570533113963,0.04347713112475199,0.0936602869304049,0.057033575761339154,0.06622582111897789,0.0647862028783701,0.023799926965853382,0.0894064020916759,0.02993522685865348,0.037793524174856714,0.04262082620991233,0.034829038598375446,0.07087654156464528,0.047137667094283076,0.028992701018961786,0.15119496008457392,0.01197582686392597,0.06935024797161769,0.01931720085849058,0.013176016268599254,0.047340768107840527,0.02288919992625264,0.030012152728816407,0.04691593378946393,0.05455773417721644,0.04229108382536309,0.04987087947147479,0.10291748983855836,0.0936674246358742,0.07287896538702032,0.08184131856087938,0.09853163338516545,0.1073466469518507,0.07994948800182289,0.07007259412210622,0.09194944485899063,0.0887147789325306,0.0694790091389003,0.04348328440308524,0.060335830955551485,0.06292641454370691,0.09832167329133697,0.05079500615430965,0.09577779689142145,0.048309682104349126,0.06769153761839965,0.05266783308387951,0.06530685967562823,0.0806750443733678,0.0451127661940926,0.07542830037725792,0.06138192907221937,0.05838305685242098,0.07368979426322574
1,'AcousticGuitar',9,0.0021396532798087413,0.002010821878888951,0.004800638374224131,0.00365909983948951,0.004245641702259676,0.0008494077985181891,0.0025995236262214083,0.0002074983372907774,0.0,2.4246060623809332e-05,0.0015140682362824636,0.00023036207642853948,0.038257480722230806,0.03058153216801314,0.04410236404857181,0.0672587262653418,0.057925275048641846,0.05842650002927948,0.06335629099356217,0.044765658591937214,0.06761854783593522,0.05960033277403171,0.042394724196336026,0.03927609886247708,0.03760794539952595,0.038359793020238626,0.08019545780382364,0.05218184473539154,0.07370958963879048,0.10678628807420341,0.06429872052803404,0.09849345601864434,0.07014386567411292,0.09095563340967745,0.11892377274093781,0.112281579838078,0.03345515350941179,0.11062097582370016,0.0959762563520944,0.12047167188053494,0.11155890010986162,0.13141312918231937,0.12225533456402314,0.1201229035942048,0.07238382852114089,0.11876732156903125,0.1198992166507712,0.12469895886646186,0.14535073612544588,0.1304297114254553,0.04816535716995268,0.04921480372497691,0.04136903540891521,0.0417908641549923,0.04255013323301735,0.058874142957441734,0.07940855353680072,0.10491871123622565,0.1199692027887147,0.0019961471443896,0.025657963293847775,0.060206162464665036,0.03842228095216837,0.03519285651647886,0.010250797820973314,0.007953405516373828,0.02635585857940125,0.07838265633707202,0.03307503340134094,0.037243241377491874,0.07584820699384885,0.043285767558361575,0.09345278859311412,0.0568466279016664,0.06604130375385915,0.06457870454107932,0.02359564120732979,0.08921251917277113,0.0297277285213627,0.03759288008794814,0.04242662179098385,0.03462154026108467,0.0706690432273545,0.046930168756992297,0.02878520268167101,0.1509874617472831,0.01178292562986808,0.0691683619796153,0.01949743571674309,0.012993679113337207,0.04715999471780539,0.02268662243401949,0.029819331842414382,0.04670843545217315,0.05435023583992566,0.042094724840507476,0.04968336956983463,0.10271242392748481,0.09345992629858342,0.07267146704972954,0.0816338202235886,0.09832413504787467,0.1071391486145599,0.07974435701270993,0.06986509578481544,0.09176680089770699,0.08853268153400913,0.0692987742806478,0.043275786065794464,0.06015559609729898,0.06271891620641615,0.09813108160043578,0.05059183554966699,0.09558260958776883,0.048102183767058354,0.06749450026952204,0.05248604546278548,0.06512095085277046,0.08049235423636737,0.044928984342557154,0.07522806832277817,0.06119493144167052,0.058175558515130205,0.07348229592593496
1,'AcousticGuitar',10,0.0021235067675877055,0.0020174469730333184,0.004776392313600321,0.0036351614940819455,0.004239016608115309,0.0008560328926625568,0.002606148720365776,0.00021412343143514494,2.4246060623809332e-05,0.0,0.0015255255670043662,0.00020611601580473014,0.03825085562808644,0.030574907073868767,0.04409573895442744,0.06725210117119741,0.05790425893713857,0.05841987493513512,0.0633496658994178,0.04475903349779284,0.06761192274179086,0.059593707679887344,0.04238809910219166,0.03926947376833271,0.03760132030538158,0.03835316792609426,0.08017121174319984,0.05217521964124717,0.0737029645446461,0.10677966298005905,0.0642867987518556,0.09847222433931131,0.07013724057996855,0.0909490083155331,0.11891714764679344,0.11227495474393363,0.03344852841526742,0.11059672976307634,0.09595201029147062,0.12044742581991115,0.1115346540492378,0.13138888312169558,0.12223108850339935,0.120098657533581,0.07235958246051707,0.11874307550840744,0.1198749705901474,0.12467471280583804,0.1453264900648221,0.13042308633131094,0.04814335858521751,0.04919885152383565,0.04134775618293394,0.04178377719633316,0.042540728035922105,0.05886751786329736,0.07938963167396675,0.10490764402996444,0.1199449567280909,0.00201345001867351,0.025633717233223965,0.060199371714414085,0.038398057437703983,0.03516999115285629,0.010226551760349504,0.007930371007161789,0.026347901014415694,0.07836119415128133,0.03306235591615709,0.037236616283347505,0.07584158189970448,0.04326300769331685,0.09344616349896974,0.05682238184104258,0.06601705769323535,0.06457207944693494,0.023585803534418245,0.08919227866024075,0.029721103427218332,0.037579400743421566,0.04240670277847718,0.0346149151669403,0.07066241813321013,0.04692354366284793,0.02877857758752664,0.15098083665313874,0.011761703432490824,0.06914411591899149,0.0195216817773669,0.012969433052713397,0.047135748657181585,0.02267507649481749,0.02979802929738126,0.046701810358028784,0.05434361074578129,0.04207696039392794,0.04965912350921081,0.10270336640712323,0.09345330120443907,0.07266484195558519,0.08162719512944423,0.09831750995373029,0.10713252352041554,0.07973536457038773,0.06985847069067107,0.09174255483708317,0.08850843547338533,0.06927452822002399,0.043269160971650095,0.06013135003667517,0.06271229111227176,0.09810754985990183,0.050580882722874504,0.0955636734599863,0.04809555867291398,0.0674774141869645,0.05246179940216167,0.06509670479214665,0.08046810817574358,0.04490473828193336,0.07521417694582279,0.06117068538104672,0.058168933420985836,0.07347567083179059
1,'AcousticGuitar',11,0.0036442000980145364,0.0004967536426064874,0.006301917880604688,0.005160379345870067,0.005759709938542141,0.0006762520099304075,0.0010854553899389446,0.001321044648128048,0.0015140682362824636,0.0015255255670043662,0.0,0.0017316415828090962,0.039771548958513266,0.0320956004042956,0.045616432284854264,0.06877279450162425,0.0594265545550224,0.059940568265561954,0.06487035922984463,0.04627972682821968,0.0691326160722177,0.06111440101031418,0.04390879243261849,0.04079016709875954,0.03912201363580841,0.03987386125652109,0.0816967373102042,0.053695912971674004,0.07522365787507294,0.10830035631048589,0.06580749208228243,0.0999947355250249,0.07165793391039538,0.09246970164595993,0.12043784097722027,0.11379564807436045,0.03496922174569426,0.1121222553300807,0.09747753585847498,0.12197295138691548,0.11306017961624217,0.13291440868869991,0.12375661407040371,0.12162418310058536,0.07388510802752143,0.1202686010754118,0.12140049615715176,0.12620023837284242,0.14685201563182645,0.13194377966173776,0.04966663667633323,0.05071954485426247,0.04287031491529577,0.04330447052675999,0.04406142136634894,0.0603882111937242,0.08091032500439359,0.10642833736039127,0.12147048229509526,0.0004879244516691439,0.02715924280022833,0.06172006504484092,0.039923560458548925,0.03669413602285942,0.011752077327353871,0.009454685022754384,0.027868594344842526,0.07988393584345256,0.03458304924658392,0.03875730961377434,0.07736227523013132,0.044787047064742125,0.09496685682939658,0.058347907408046955,0.06754258326023971,0.06609277277736177,0.025106496864845073,0.0907137986791517,0.031241796757645168,0.0391000940738484,0.04392790129736441,0.03613560849736713,0.07218311146363697,0.04844423699327476,0.03029927091795347,0.1525015299835656,0.013284205136248636,0.07066964148599586,0.017996156210362532,0.014494958619717764,0.048661274224185945,0.024195769825244323,0.03132061134879494,0.04822250368845562,0.05586430407620813,0.04359765372435478,0.05118464907621517,0.10422405973755006,0.09497399453486588,0.07418553528601202,0.08314788845987105,0.09983820328415711,0.10865321685084235,0.08125605790081457,0.07137916402109788,0.09326808040408756,0.09003396104038969,0.07080005378702836,0.04478985430207693,0.06165687560367953,0.0642329844426986,0.09963236110681635,0.05210157605330134,0.09708436679041314,0.04961625200334082,0.06899810751739133,0.053987324969166035,0.066622230359151,0.08199363374274794,0.046430263848937725,0.0767348702762496,0.06269621094805107,0.05968962675141267,0.07499636416221743
1,'AcousticGuitar',12,0.001922843707923771,0.002218110032697253,0.004570276297795591,0.0034344984344180114,0.004038353548451375,0.001056695952326491,0.002810080771806957,0.0004147864910990791,0.00023036207642853948,0.00020611601580473014,0.0017316415828090962,0.0,0.03805019256842251,0.030374244014204837,0.04389507589476351,0.06705143811153348,0.05770359587747464,0.05821921187547118,0.06314900283975387,0.04455837043812891,0.06741125968212693,0.05939304462022341,0.042187436042527726,0.03906881070866877,0.037400657245717644,0.03815250486643033,0.07996535019167884,0.05197455658158323,0.07350230148498217,0.10657899992039511,0.06408613569219167,0.09827156127964738,0.06993657752030462,0.09074834525586917,0.11871648458712951,0.1120742916842697,0.03324786535560349,0.11039061374727162,0.09574589427566589,0.12024130980410641,0.11132853803343308,0.13118276710589083,0.1220249724875946,0.11989254151777627,0.07215346644471235,0.11853695949260272,0.11966885457434268,0.12446859679003332,0.14512037404901734,0.13022242327164701,0.04794269552555358,0.04899818846417172,0.04114709312327001,0.04158311413666923,0.042340064976258175,0.05866685480363343,0.07918896861430282,0.10470698097030051,0.11974228669812188,0.00221956603447824,0.02542760121741924,0.059998708654750155,0.038197394378040046,0.03496932809319236,0.010023635123022004,0.007729707947497854,0.026147237954751767,0.0781605310916174,0.03286169285649316,0.037035953223683575,0.07564091884004055,0.04306234463365292,0.09324550043930581,0.056618789270240076,0.0658110346278788,0.06437141638727101,0.023385140474754304,0.08899161560057682,0.029520440367554402,0.037378737683757636,0.04220603971881325,0.03441425210727637,0.0704617550735462,0.046722880603184,0.028577914527862708,0.15078017359347481,0.01156104037282689,0.06893799990318676,0.01972779779317163,0.012763317036908667,0.046929632641376846,0.02247441343515356,0.02959736623771733,0.04650114729836485,0.05414294768611736,0.04187629733426401,0.04945609298037571,0.1025027033474593,0.09325263814477514,0.07246417889592126,0.0814265320697803,0.09811684689406636,0.10693186046075161,0.07953470151072381,0.06965780763100714,0.09153643882127845,0.0883023194575806,0.06906841220421926,0.04306849791198616,0.059925234020870445,0.06251162805260783,0.09790688680023789,0.05038021966321057,0.09536301040032237,0.04789489561325005,0.06727675112730057,0.052255683386356944,0.06489207318452915,0.08026199215993884,0.04469862226612862,0.07501351388615884,0.06096714258112029,0.057968270361321905,0.07327500777212666
