% Distances between instruments for pitch 51 (D#3)
@RELATION distances

@ATTRIBUTE 'InstrumentId' NUMERIC
@ATTRIBUTE 'Instrument' STRING
@ATTRIBUTE 'StyleId' NUMERIC
@ATTRIBUTE 'Distance to instrument 1 (AcousticGuitar), style 1' NUMERIC
@ATTRIBUTE 'Distance to instrument 1 (AcousticGuitar), style 2' NUMERIC
@ATTRIBUTE 'Distance to instrument 1 (AcousticGuitar), style 3' NUMERIC
@ATTRIBUTE 'Distance to instrument 1 (AcousticGuitar), style 4' NUMERIC
@ATTRIBUTE 'Distance to instrument 1 (AcousticGuitar), style 5' NUMERIC
@ATTRIBUTE 'Distance to instrument 1 (AcousticGuitar), style 6' NUMERIC
@ATTRIBUTE 'Distance to instrument 1 (AcousticGuitar), style 7' NUMERIC
@ATTRIBUTE 'Distance to instrument 1 (AcousticGuitar), style 8' NUMERIC
@ATTRIBUTE 'Distance to instrument 1 (AcousticGuitar), style 9' NUMERIC
@ATTRIBUTE 'Distance to instrument 1 (AcousticGuitar), style 10' NUMERIC
@ATTRIBUTE 'Distance to instrument 1 (AcousticGuitar), style 11' NUMERIC
@ATTRIBUTE 'Distance to instrument 1 (AcousticGuitar), style 12' NUMERIC
@ATTRIBUTE 'Distance to instrument 2 (Balalaika), style 1' NUMERIC
@ATTRIBUTE 'Distance to instrument 3 (Bandura), style 1' NUMERIC
@ATTRIBUTE 'Distance to instrument 4 (BanjoFramus), style 1' NUMERIC
@ATTRIBUTE 'Distance to instrument 6 (Bass), style 1' NUMERIC
@ATTRIBUTE 'Distance to instrument 6 (Bass), style 2' NUMERIC
@ATTRIBUTE 'Distance to instrument 7 (Bassoon), style 1' NUMERIC
@ATTRIBUTE 'Distance to instrument 7 (Bassoon), style 2' NUMERIC
@ATTRIBUTE 'Distance to instrument 9 (Bouzouki), style 1' NUMERIC
@ATTRIBUTE 'Distance to instrument 10 (Cello), style 1' NUMERIC
@ATTRIBUTE 'Distance to instrument 10 (Cello), style 2' NUMERIC
@ATTRIBUTE 'Distance to instrument 10 (Cello), style 3' NUMERIC
@ATTRIBUTE 'Distance to instrument 10 (Cello), style 4' NUMERIC
@ATTRIBUTE 'Distance to instrument 10 (Cello), style 5' NUMERIC
@ATTRIBUTE 'Distance to instrument 10 (Cello), style 6' NUMERIC
@ATTRIBUTE 'Distance to instrument 10 (Cello), style 7' NUMERIC
@ATTRIBUTE 'Distance to instrument 10 (Cello), style 8' NUMERIC
@ATTRIBUTE 'Distance to instrument 10 (Cello), style 9' NUMERIC
@ATTRIBUTE 'Distance to instrument 11 (CeylonGuitar), style 1' NUMERIC
@ATTRIBUTE 'Distance to instrument 12 (Clarinet), style 1' NUMERIC
@ATTRIBUTE 'Distance to instrument 12 (Clarinet), style 2' NUMERIC
@ATTRIBUTE 'Distance to instrument 13 (Contrabassoon), style 1' NUMERIC
@ATTRIBUTE 'Distance to instrument 14 (Cumbus), style 1' NUMERIC
@ATTRIBUTE 'Distance to instrument 15 (DallapeAccordion), style 1' NUMERIC
@ATTRIBUTE 'Distance to instrument 16 (Dilruba), style 1' NUMERIC
@ATTRIBUTE 'Distance to instrument 17 (Domra), style 1' NUMERIC
@ATTRIBUTE 'Distance to instrument 18 (Drums), style 1' NUMERIC
@ATTRIBUTE 'Distance to instrument 18 (Drums), style 2' NUMERIC
@ATTRIBUTE 'Distance to instrument 18 (Drums), style 3' NUMERIC
@ATTRIBUTE 'Distance to instrument 18 (Drums), style 4' NUMERIC
@ATTRIBUTE 'Distance to instrument 18 (Drums), style 5' NUMERIC
@ATTRIBUTE 'Distance to instrument 18 (Drums), style 6' NUMERIC
@ATTRIBUTE 'Distance to instrument 18 (Drums), style 7' NUMERIC
@ATTRIBUTE 'Distance to instrument 18 (Drums), style 8' NUMERIC
@ATTRIBUTE 'Distance to instrument 18 (Drums), style 9' NUMERIC
@ATTRIBUTE 'Distance to instrument 18 (Drums), style 10' NUMERIC
@ATTRIBUTE 'Distance to instrument 18 (Drums), style 11' NUMERIC
@ATTRIBUTE 'Distance to instrument 18 (Drums), style 12' NUMERIC
@ATTRIBUTE 'Distance to instrument 20 (EgyptianFiddle), style 1' NUMERIC
@ATTRIBUTE 'Distance to instrument 21 (ElectricBass), style 1' NUMERIC
@ATTRIBUTE 'Distance to instrument 21 (ElectricBass), style 2' NUMERIC
@ATTRIBUTE 'Distance to instrument 21 (ElectricBass), style 3' NUMERIC
@ATTRIBUTE 'Distance to instrument 21 (ElectricBass), style 4' NUMERIC
@ATTRIBUTE 'Distance to instrument 21 (ElectricBass), style 5' NUMERIC
@ATTRIBUTE 'Distance to instrument 21 (ElectricBass), style 6' NUMERIC
@ATTRIBUTE 'Distance to instrument 21 (ElectricBass), style 7' NUMERIC
@ATTRIBUTE 'Distance to instrument 22 (ElectricGuitar), style 1' NUMERIC
@ATTRIBUTE 'Distance to instrument 22 (ElectricGuitar), style 2' NUMERIC
@ATTRIBUTE 'Distance to instrument 22 (ElectricGuitar), style 3' NUMERIC
@ATTRIBUTE 'Distance to instrument 22 (ElectricGuitar), style 4' NUMERIC
@ATTRIBUTE 'Distance to instrument 22 (ElectricGuitar), style 5' NUMERIC
@ATTRIBUTE 'Distance to instrument 22 (ElectricGuitar), style 6' NUMERIC
@ATTRIBUTE 'Distance to instrument 22 (ElectricGuitar), style 7' NUMERIC
@ATTRIBUTE 'Distance to instrument 22 (ElectricGuitar), style 8' NUMERIC
@ATTRIBUTE 'Distance to instrument 22 (ElectricGuitar), style 9' NUMERIC
@ATTRIBUTE 'Distance to instrument 23 (ElectricPiano), style 1' NUMERIC
@ATTRIBUTE 'Distance to instrument 23 (ElectricPiano), style 2' NUMERIC
@ATTRIBUTE 'Distance to instrument 23 (ElectricPiano), style 3' NUMERIC
@ATTRIBUTE 'Distance to instrument 23 (ElectricPiano), style 4' NUMERIC
@ATTRIBUTE 'Distance to instrument 23 (ElectricPiano), style 5' NUMERIC
@ATTRIBUTE 'Distance to instrument 23 (ElectricPiano), style 6' NUMERIC
@ATTRIBUTE 'Distance to instrument 26 (Fujara), style 1' NUMERIC
@ATTRIBUTE 'Distance to instrument 27 (Horn), style 1' NUMERIC
@ATTRIBUTE 'Distance to instrument 27 (Horn), style 2' NUMERIC
@ATTRIBUTE 'Distance to instrument 27 (Horn), style 3' NUMERIC
@ATTRIBUTE 'Distance to instrument 29 (Kantele), style 1' NUMERIC
@ATTRIBUTE 'Distance to instrument 31 (MorinKhuurViolin), style 1' NUMERIC
@ATTRIBUTE 'Distance to instrument 33 (Oud), style 1' NUMERIC
@ATTRIBUTE 'Distance to instrument 34 (Organ), style 1' NUMERIC
@ATTRIBUTE 'Distance to instrument 34 (Organ), style 2' NUMERIC
@ATTRIBUTE 'Distance to instrument 34 (Organ), style 3' NUMERIC
@ATTRIBUTE 'Distance to instrument 34 (Organ), style 4' NUMERIC
@ATTRIBUTE 'Distance to instrument 34 (Organ), style 5' NUMERIC
@ATTRIBUTE 'Distance to instrument 34 (Organ), style 6' NUMERIC
@ATTRIBUTE 'Distance to instrument 35 (Panflute), style 1' NUMERIC
@ATTRIBUTE 'Distance to instrument 36 (Piano), style 1' NUMERIC
@ATTRIBUTE 'Distance to instrument 36 (Piano), style 2' NUMERIC
@ATTRIBUTE 'Distance to instrument 36 (Piano), style 3' NUMERIC
@ATTRIBUTE 'Distance to instrument 36 (Piano), style 4' NUMERIC
@ATTRIBUTE 'Distance to instrument 36 (Piano), style 5' NUMERIC
@ATTRIBUTE 'Distance to instrument 36 (Piano), style 6' NUMERIC
@ATTRIBUTE 'Distance to instrument 36 (Piano), style 7' NUMERIC
@ATTRIBUTE 'Distance to instrument 36 (Piano), style 8' NUMERIC
@ATTRIBUTE 'Distance to instrument 36 (Piano), style 9' NUMERIC
@ATTRIBUTE 'Distance to instrument 36 (Piano), style 10' NUMERIC
@ATTRIBUTE 'Distance to instrument 36 (Piano), style 11' NUMERIC
@ATTRIBUTE 'Distance to instrument 39 (Saxophone), style 1' NUMERIC
@ATTRIBUTE 'Distance to instrument 39 (Saxophone), style 2' NUMERIC
@ATTRIBUTE 'Distance to instrument 39 (Saxophone), style 4' NUMERIC
@ATTRIBUTE 'Distance to instrument 39 (Saxophone), style 5' NUMERIC
@ATTRIBUTE 'Distance to instrument 40 (ScaleChangerHarmonium), style 1' NUMERIC
@ATTRIBUTE 'Distance to instrument 42 (Sitar), style 1' NUMERIC
@ATTRIBUTE 'Distance to instrument 43 (Tampura), style 1' NUMERIC
@ATTRIBUTE 'Distance to instrument 44 (Tanbur), style 1' NUMERIC
@ATTRIBUTE 'Distance to instrument 45 (Trombone), style 1' NUMERIC
@ATTRIBUTE 'Distance to instrument 45 (Trombone), style 2' NUMERIC
@ATTRIBUTE 'Distance to instrument 45 (Trombone), style 3' NUMERIC
@ATTRIBUTE 'Distance to instrument 45 (Trombone), style 4' NUMERIC
@ATTRIBUTE 'Distance to instrument 46 (Trumpet), style 9' NUMERIC
@ATTRIBUTE 'Distance to instrument 46 (Trumpet), style 10' NUMERIC
@ATTRIBUTE 'Distance to instrument 47 (Tuba), style 1' NUMERIC
@ATTRIBUTE 'Distance to instrument 47 (Tuba), style 2' NUMERIC
@ATTRIBUTE 'Distance to instrument 47 (Tuba), style 3' NUMERIC
@ATTRIBUTE 'Distance to instrument 48 (TurkeySaz), style 1' NUMERIC
@ATTRIBUTE 'Distance to instrument 50 (Viola), style 1' NUMERIC
@ATTRIBUTE 'Distance to instrument 50 (Viola), style 2' NUMERIC
@ATTRIBUTE 'Distance to instrument 50 (Viola), style 3' NUMERIC
@ATTRIBUTE 'Distance to instrument 50 (Viola), style 4' NUMERIC
@ATTRIBUTE 'Distance to instrument 50 (Viola), style 5' NUMERIC
@ATTRIBUTE 'Distance to instrument 50 (Viola), style 6' NUMERIC
@ATTRIBUTE 'Distance to instrument 50 (Viola), style 7' NUMERIC
@ATTRIBUTE 'Distance to instrument 50 (Viola), style 8' NUMERIC
@ATTRIBUTE 'Distance to instrument 50 (Viola), style 9' NUMERIC

@DATA
1,'AcousticGuitar',1,0.0,0.003201191499569094,0.0009382774844680824,0.0006547210966556088,0.0005978965831089691,0.004793650594060023,0.006625952393602558,0.0025598731211596334,0.006247124283347446,0.00379184364375661,0.0027033498124189384,0.0031642533982638725,0.03606433244271017,0.029197896993728056,0.07540438861621873,0.05787774049765987,0.07915691751685301,0.05824752985612058,0.05962126231162485,0.05611190775826715,0.042355457856197716,0.02393500912262378,0.04284961417710644,0.03457030389447845,0.07401125134615383,0.05206824072755226,0.043115447173112866,0.04143827868986664,0.06224777426942386,0.10825719439486207,0.06848178193841864,0.10789538179986884,0.07278730233003512,0.08518641211068884,0.11740978705895415,0.10155105348930056,0.03011923140397409,0.10105961999593839,0.09200208015913382,0.10871417831782686,0.07927246357260913,0.12452262767170973,0.08314546155561299,0.07647445111794347,0.06481845790522026,0.11720403780506661,0.09603867560375283,0.11569527395528116,0.10624790961628981,0.1423952740618378,0.0337865857024301,0.039984979386945584,0.045016916282478135,0.045524025673589215,0.041205453797629625,0.0531047172901857,0.08074912223014362,0.15029044131073108,0.1462567591930568,0.017660021380169987,0.0263511657196089,0.05326526360173747,0.030582381287945565,0.04065240641162308,0.0068237163596122545,0.006603227771574591,0.024852498277654293,0.10856689979566721,0.03346980980610232,0.0338257671315326,0.08823006306062488,0.02195016203907221,0.08120421303733429,0.06222049192499766,0.06170773763921745,0.06044724447515659,0.02268808472790926,0.0841204027184555,0.019752807300056272,0.04529309000819667,0.04541004034691467,0.0306946183217921,0.07262041965487673,0.044636757747606594,0.024514424870831136,0.15391059235963608,0.011376678372159625,0.015284765359896315,0.15534652910383762,0.008478681256283436,0.0015952728584532946,0.026837354352415476,0.043321566245147804,0.043464055625531746,0.047642397750437084,0.03678181293888162,0.048993678331215436,0.11271930897828614,0.08984580212417244,0.08189334099241076,0.09018308121185996,0.09242858781234191,0.05594875000530595,0.07520978223620232,0.07484080961763068,0.09286361766636031,0.1017083408075114,0.07839948806266848,0.03952877519064355,0.06324143025074462,0.06444265705043072,0.06701709371304664,0.052561451108187655,0.07345528498040037,0.04695690176014428,0.06970002540930618,0.18378147392442779,0.03262412013780391,0.07251295442786636,0.10472426251833007,0.03633406859389482,0.04660516349186972,0.05728431923996846,0.06351402213067207
1,'AcousticGuitar',2,0.003201191499569094,0.0,0.0022728156067931514,0.0025586097657914653,0.002613128812054524,0.0015924590944909292,0.003424760894033464,0.0006576029978276631,0.003045932783778352,0.0005906521441875158,0.0005109085106387434,4.6877892200483156e-05,0.03926299164963646,0.03238754710622168,0.07860558011578783,0.06107893199722896,0.08233191897043983,0.061448721355689684,0.06282245381119395,0.05931309925783624,0.045556649355766816,0.027136200622192876,0.04274682483169131,0.031400888666639135,0.07084183611831452,0.05526394984598159,0.04628486240095219,0.04463947018943573,0.06543521237173344,0.11145838589443115,0.07165922931746016,0.11106479702770815,0.07598849382960421,0.08838760361025792,0.12061097855852325,0.10475224498886966,0.03332042290354318,0.1042290352237777,0.09517149538697316,0.11188359354566617,0.08244187880044845,0.12769204289954902,0.0863148767834523,0.0796438663457828,0.06798787313305958,0.12037345303290592,0.09920809083159216,0.11886468918312047,0.10941732484412914,0.1455964655614069,0.03695600093026941,0.043163298409072466,0.048186331510317454,0.04870461389092992,0.04438476066034732,0.05628986191457219,0.08391853745798294,0.14858568263854005,0.14942617442089615,0.014465961412550339,0.029520580947448218,0.056459107506924566,0.03375179651578488,0.04382182163946239,0.009993131587451572,0.009772642999413909,0.02803465738142784,0.11174319304168662,0.03664283419191718,0.037012130996044966,0.09142754687759992,0.025119577266911525,0.08440540453690339,0.06538990715283698,0.06487715286705677,0.06364843597472568,0.025865492196114354,0.08729175918936032,0.02295399879962537,0.048466894765360764,0.04857945557475399,0.03389580982136119,0.07582161115444581,0.047837949247175694,0.027715616370400226,0.15711178385920513,0.014546093599998944,0.018454180587735635,0.1521771138759983,0.011648096484122754,0.004764688086292612,0.030016769681607238,0.046495289249549134,0.04666524712510084,0.050825306056349905,0.03995712730011768,0.05216309355905476,0.1159006745440843,0.09302258816213076,0.08509453249197986,0.09336046433954966,0.09562977931191098,0.05914994150487505,0.07838872714067131,0.07804200111719978,0.09603303289419962,0.10487775603535072,0.08156890329050781,0.042729966690212645,0.06641084547858393,0.0676438485499998,0.07018650894088595,0.05575224866367092,0.07662530807434376,0.05014673850049282,0.07288194823820011,0.1869508891522671,0.035793535365643225,0.07568236965570567,0.10791834828802027,0.03951520004524094,0.04977648727719663,0.060485510739537555,0.06671521363024117
1,'AcousticGuitar',3,0.0009382774844680824,0.0022728156067931514,0.0,0.0002857941589983137,0.00034038090135911337,0.0038553731095919415,0.005687674909134475,0.001621595636691551,0.00531681814590649,0.0028535661592885273,0.001765072327950856,0.00222597591379579,0.037000077634535444,0.030124633091120664,0.07634266610068681,0.058816017982127954,0.08006900495533881,0.05918580734058867,0.06055953979609294,0.057050185242735224,0.0432937353406658,0.02487328660709186,0.04195301455606027,0.03367370427343229,0.07311465172510766,0.05300103583088058,0.044017321639416525,0.04237655617433472,0.06317229835663242,0.10919547187933015,0.06939631530235914,0.10880129061646666,0.07372557981450319,0.08612468959515691,0.11834806454342223,0.10248933097376865,0.031057508888442165,0.10195621961698455,0.09289867978017997,0.10961077793887303,0.0801690631936553,0.12541922729275587,0.08404206117665917,0.07737105073898963,0.06571505752626643,0.11810063742611276,0.09694121657775757,0.11659187357632733,0.10714450923733598,0.1433335515463059,0.03469297994101181,0.04090038439397145,0.04591805009542668,0.046441699875828905,0.0421218466452463,0.05402694789947118,0.08165506849135824,0.14938398139473677,0.14715707254405577,0.016738777019343492,0.027247765340655063,0.05419619349182356,0.031486820912022505,0.041558259727041774,0.007723700056505915,0.007501649262424585,0.025771743366326826,0.1094802790265856,0.03437992017681617,0.03474921698094395,0.08916463286249891,0.02285596430806977,0.08214249052180238,0.0631186876310889,0.0626056817798432,0.06138552195962466,0.023602578181013346,0.08502884517425928,0.020691084784524354,0.04620398075025975,0.046313981469273756,0.031632895806260185,0.0735586971393448,0.04557503523207468,0.025452702355299218,0.15484886984410415,0.012277175968035679,0.016181364980942484,0.15444992948279146,0.009384530518707397,0.002492628438536684,0.02775385566650622,0.04423237523444812,0.044402333109999824,0.048562392041248896,0.037694213285016674,0.04989027795226161,0.11363776052898328,0.09075967414702975,0.08283161847687885,0.09109755032444866,0.09336686529680997,0.056887027489774034,0.07612581312557029,0.07577908710209875,0.09376021728740647,0.10260494042855756,0.07929608768371466,0.04046705267511164,0.06413802987179078,0.0653809345348988,0.06792072108479498,0.05348933464856991,0.07436239405924273,0.0478838244853918,0.0706190342230991,0.18468381989480911,0.033525441632577514,0.07341187232551068,0.10565543427291925,0.037252286030139935,0.047513573262095606,0.05822259672443653,0.06445229961514015
1,'AcousticGuitar',4,0.0006547210966556088,0.0025586097657914653,0.0002857941589983137,0.0,5.682451354663969e-05,0.004138929497404415,0.005971231296946949,0.0019051520245040247,0.0056026123049048035,0.0031391043356816333,0.00204862871576333,0.002511731873590982,0.03671652124672297,0.029841076703308194,0.07605910971287434,0.058532461594315466,0.07978544856752634,0.0589022509527762,0.06027598340828046,0.05676662885492276,0.043010178952853334,0.024589730219279387,0.042238808715058584,0.0339594984324306,0.07340044588410598,0.0527174794430681,0.04373376525160405,0.04209299978652225,0.06288874196881995,0.10891191549151767,0.06911275891454667,0.10851773422865418,0.07344202342669072,0.08584113320734443,0.11806450815560976,0.10220577458595619,0.030773952500629694,0.10167042545798623,0.09261288562118168,0.10932498377987471,0.07988326903465698,0.12513343313375755,0.08375626701766085,0.07708557335967947,0.0654292633672681,0.11781484326711444,0.0966576601899451,0.11630607941732901,0.10685871507833766,0.1430499951584934,0.034409423553199335,0.04061682800615898,0.04563449370761421,0.046158143488016425,0.041838290257433824,0.05374339151165871,0.08137151210354576,0.14966977555373506,0.1468735161562433,0.017024571178341802,0.026961971181656746,0.053912637104011084,0.031203264524210034,0.0412747033392293,0.0074401436686934415,0.007218092874612111,0.02548818697851435,0.10919672263877313,0.03409636378900369,0.03446566059313148,0.08888107647468642,0.0225724079202573,0.0818589341339899,0.06283513124327643,0.06232212539203071,0.06110196557181219,0.023319021793200875,0.08474528878644681,0.02040752839671188,0.045920424362447275,0.046030425081461275,0.03134933941844771,0.07327514075153232,0.04529147884426219,0.025169145967486744,0.15456531345629165,0.011993619580223205,0.015895570821944167,0.15473572364178978,0.009100974130894925,0.0022090720507242107,0.027470299278693742,0.043948818846635644,0.04411877672218736,0.048278835653436415,0.03741065689720419,0.049604483793263286,0.11335420414117081,0.09047611775921727,0.08254806208906637,0.09081399393663618,0.0930833089089975,0.05660347110196157,0.07584225673775782,0.07549553071428629,0.09347446264783983,0.10231914626955925,0.07901029352471634,0.04018349628729916,0.06385223571279247,0.06509737814708631,0.06763716469698251,0.05320577826075743,0.07407883767143027,0.04760026809757933,0.07033547783528664,0.18440026350699665,0.03324188524476504,0.07312831593769821,0.10537187788510678,0.03696872964232746,0.04723001687428314,0.057939040336624066,0.06416874322732768
1,'AcousticGuitar',5,0.0005978965831089691,0.002613128812054524,0.00034038090135911337,5.682451354663969e-05,0.0,0.004195754010951055,0.006028055810493589,0.001961976538050664,0.005657131351167862,0.003193947060647641,0.0021054532293099696,0.0025663568151549038,0.03665969673317634,0.029784252189761554,0.07600228519932771,0.05847563708076883,0.0797286240539797,0.058845426439229555,0.06021915889473382,0.05670980434137612,0.042953354439306694,0.024532905705732747,0.04229332776132164,0.03401401747869366,0.07345496493036903,0.05266065492952146,0.04367694073805742,0.042036175272975616,0.06283191745527332,0.10885509097797104,0.06905593440100004,0.10846090971510754,0.07338519891314409,0.08578430869379779,0.11800768364206311,0.10214895007240954,0.030717127987083055,0.10161590641172319,0.09255836657491862,0.10927046473361164,0.07982874998839393,0.12507891408749452,0.08370174797139779,0.07703073753372827,0.06537474432100505,0.1177603242208514,0.09660083567639847,0.11625156037106595,0.1068041960320746,0.1429931706449468,0.034352599039652695,0.04056000349261234,0.045577669194067576,0.04610131897446979,0.04178146574388719,0.05368656699811206,0.08131468758999913,0.14972429459999811,0.14681669164269665,0.017079090224604864,0.02690745213539369,0.05385581259046444,0.031146440010663395,0.04121787882568266,0.007383319155146802,0.007161268361065471,0.025431362464967713,0.10913989812522651,0.034039539275457054,0.034408836079584844,0.0888242519611398,0.02251558340671066,0.08180210962044326,0.06277830672972978,0.06226530087848408,0.06104514105826555,0.023262197279654232,0.08468846427290018,0.02035070388316524,0.04586359984890064,0.04597360056791464,0.03129251490490107,0.07321831623798568,0.04523465433071556,0.025112321453940104,0.15450848894274502,0.011936795066676565,0.01584105177568111,0.15479024268805283,0.009044149617348285,0.002152247537177571,0.027413474765147106,0.04389199433308901,0.04406195220864071,0.048222011139889775,0.03735383238365756,0.049549964747000234,0.11329737962762416,0.09041929324567065,0.08249123757551974,0.09075716942308953,0.09302648439545087,0.05654664658841493,0.07578543222421119,0.07543870620073966,0.09341990408214511,0.1022646272232962,0.07895577447845327,0.04012667177375252,0.0637977166665294,0.06504055363353968,0.06758034018343587,0.0531489537472108,0.07402201315788363,0.047543443584032695,0.07027865332173999,0.18434343899345,0.0331850607312184,0.07307149142415158,0.10531505337156015,0.03691190512878082,0.0471731923607365,0.057882215823077426,0.06411191871378104
1,'AcousticGuitar',6,0.004793650594060023,0.0015924590944909292,0.0038553731095919415,0.004138929497404415,0.004195754010951055,0.0,0.0018353050392623238,0.002234381662390513,0.0014672238745504888,0.0010018069503034135,0.002090300781641085,0.0016293971957961507,0.04085545074412739,0.03398000620071261,0.08019803921027875,0.06267139109171989,0.08392437806493075,0.0630411804501806,0.06441491290568488,0.06090555835232717,0.04714910845025774,0.028728659716683803,0.04433928392618224,0.03202686182629934,0.06926505745375167,0.05685640894047252,0.04787269474900847,0.046231929283926665,0.06702767146622436,0.11305084498892208,0.07325168841195108,0.1126566637260586,0.07758095292409513,0.08998006270474886,0.12220343765301418,0.1063447040833606,0.03491288199803411,0.10580581388834054,0.09674827405153598,0.11346037221022903,0.08401865746501129,0.12926882156411187,0.08789165544801518,0.0812245028570839,0.06956658474739903,0.12195023169746876,0.1007965896873495,0.12044146784768334,0.11099410350869197,0.1471889246558978,0.03854835305060375,0.04475575750356339,0.049773423205018624,0.05029707298542085,0.04597721975483824,0.05788232100906312,0.08551044160095017,0.15017814173303098,0.15101244565364771,0.013600653413360973,0.031099811267085886,0.0580515666014155,0.03534219402161445,0.045413632836633716,0.011579073166097858,0.011357022372016525,0.029627116475918768,0.11333565213617754,0.03823529328640811,0.0386045900905359,0.09302000597209086,0.026711337417661712,0.08599786363139432,0.06697406074068084,0.06646105488943514,0.06524089506921661,0.027457951290605288,0.08888421828385122,0.024546457894116292,0.05005935385985169,0.0501693545788657,0.03548826891585213,0.07741407024893675,0.04943040834166662,0.02930807546489116,0.1587042429536961,0.01613254907762762,0.020032370610439842,0.15144628138160202,0.013239903628299339,0.006348001548128626,0.03160922877609816,0.04808774834404006,0.048257706219591766,0.05241776515084084,0.041549586394608616,0.053742934424110954,0.11749313363857522,0.09461504725662169,0.0866869915864708,0.0949529234340406,0.09722223840640191,0.060742400599365975,0.07998118623516223,0.0796344602116907,0.09761339214524427,0.10645712714524576,0.08314589123356488,0.04432242578470358,0.06798762414314678,0.06923630764449074,0.07177609419438692,0.057344707758161854,0.07821776716883468,0.051739197594983743,0.07447440733269105,0.18853919300440106,0.03738081474216945,0.07726724543510262,0.10951080738251119,0.04110765913973188,0.05136894637168755,0.062077969834028475,0.0683076727247321
1,'AcousticGuitar',7,0.006625952393602558,0.003424760894033464,0.005687674909134475,0.005971231296946949,0.006028055810493589,0.0018353050392623238,0.0,0.004069686701652837,0.0003788281102551116,0.0028341087498459476,0.003922992214463916,0.003461698995338685,0.04268775254366992,0.035812308000255144,0.0820303410098213,0.06450369289126241,0.08575667986447329,0.06487348224972316,0.06624721470522742,0.0627378601518697,0.048981410249800274,0.030560961516226337,0.04617158572572477,0.03385916362584187,0.06916898730000015,0.05868871074001505,0.049704996548551005,0.048064231083469196,0.06885997326576691,0.11488314678846462,0.0750839902114936,0.11448896552560113,0.07941325472363768,0.09181236450429138,0.1240357394525567,0.10817700588290313,0.036745183797576644,0.10764111892760288,0.09858357909079833,0.11529567724949134,0.08585396250427363,0.1311041266033742,0.08972696048727748,0.08305680465662642,0.07139995683688476,0.1237855367367311,0.10262889148689204,0.12227677288694565,0.11282940854795431,0.14902122645544036,0.04038065485014629,0.04658805930310592,0.05160572500456117,0.05212937478496338,0.047809521554380785,0.05971462280860566,0.08734274340049271,0.1520104435325735,0.15284474745319024,0.015432955212903507,0.03293266465127339,0.05988386840095803,0.037174495821156985,0.04724593463617625,0.01341137496564039,0.013189324171559061,0.0314594182754613,0.11516795393572009,0.04006759508595064,0.04043689189007843,0.09485230777163339,0.02854363921720425,0.08783016543093684,0.06880636254022338,0.06829335668897767,0.06707319686875914,0.029290253090147822,0.09071652008339376,0.02637875969365883,0.05189165565939422,0.05200165637840823,0.03732057071539466,0.07924637204847927,0.051262710141209145,0.031140377264433694,0.1605365447532386,0.017964850877170153,0.02186626429156081,0.15327858318114454,0.015072205427841873,0.00818030334767116,0.03344153057564069,0.04992005014358259,0.050090008019134304,0.05425006695038337,0.04338188819415115,0.05557523622365348,0.11932543543811776,0.09644734905616421,0.08851929338601333,0.09678522523358313,0.09905454020594445,0.06257470239890851,0.08181348803470477,0.08146676201123325,0.09944569394478679,0.1082898397391759,0.08498098699433299,0.04615472758424611,0.06982292918240911,0.07106860944403326,0.07360839599392946,0.059177009557704385,0.08005006896837723,0.05357149939452629,0.07630670913223359,0.19037149480394358,0.03921311654171199,0.07909954723464517,0.11134310918205374,0.04293996093927441,0.053201248171230085,0.06391027163357102,0.07013997452427463
1,'AcousticGuitar',8,0.0025598731211596334,0.0006576029978276631,0.001621595636691551,0.0019051520245040247,0.001961976538050664,0.002234381662390513,0.004069686701652837,0.0,0.003701605536941002,0.0012380975677178311,0.00014669448718891977,0.00061072510562718,0.038621673271227,0.03174622872781222,0.07796426173737837,0.0604376136188195,0.08169060059203037,0.06080740297728023,0.062181135432784494,0.05867178087942679,0.04491533097735736,0.02649488224378341,0.042105506453281843,0.0320584916644668,0.07149943911614218,0.054622631467572125,0.04563891727610808,0.043998151811026266,0.06479389399332398,0.11081706751602168,0.0710179109390507,0.11042288625315821,0.07534717545119475,0.08774628523184846,0.11996966018011379,0.10411092661046022,0.03267910452513372,0.10357143222595004,0.09451389238914547,0.11122606785453483,0.08178427580262079,0.12703457579853858,0.08565776294500409,0.0789907253841835,0.06733280727449864,0.11971585003507824,0.09856281221444912,0.1182070861852928,0.10875972184630145,0.14495514718299743,0.036314575577703366,0.04252198003066301,0.04753964573211824,0.048063295512520456,0.043743442281937855,0.05564854353616274,0.0832766641280498,0.1479443642601306,0.14877866818074734,0.015123564410378001,0.028866033794185494,0.055817789128515115,0.033108416548714055,0.04317985536373333,0.009345295693197466,0.009123244899116137,0.02739333900301838,0.11110187466327714,0.036001515813507724,0.03637081261763551,0.09078622849919045,0.024477559944761324,0.08376408615849391,0.06474028326778045,0.06422727741653474,0.06300711759631622,0.025224173817704896,0.08665044081095084,0.022312680421215907,0.047825576386951306,0.047935577105965306,0.033254491442951735,0.07518029277603636,0.04719663086876622,0.027074297991990768,0.15647046548079568,0.013898771604727229,0.01779859313753945,0.15283471687382597,0.011006126155398949,0.004114224075228236,0.029375451303197773,0.045853970871139675,0.04602392874669139,0.050183987677940446,0.039315808921708224,0.051509156951210555,0.11525935616567484,0.0923812697837213,0.08445321411357039,0.09271914596114021,0.09498846093350154,0.0585086231264656,0.07774740876226184,0.07740068273879032,0.09537961467234386,0.10422334967234537,0.08091211376066448,0.04208864831180318,0.06575347515169527,0.06700253017159034,0.06954231672148653,0.05511093028526146,0.0759839896959343,0.04950542012208336,0.07224062985979066,0.18630541553150068,0.035147037269269064,0.07503346796220224,0.10727702990961081,0.038873881666831485,0.04913516889878716,0.0598441923611281,0.0660738952518317
1,'AcousticGuitar',9,0.006247124283347446,0.003045932783778352,0.00531681814590649,0.0056026123049048035,0.005657131351167862,0.0014672238745504888,0.0003788281102551116,0.003701605536941002,0.0,0.0024635079692231702,0.003554911049752082,0.0030908804313138217,0.04230892443341481,0.03543347989000003,0.08165151289956618,0.06412486478100732,0.08537785175421818,0.06449465413946803,0.0658683865949723,0.06235903204161459,0.048602582139545165,0.030182133405971225,0.04579275761546966,0.03348033551558676,0.06879015918974503,0.05830988262975994,0.049328864940065525,0.04768540297321409,0.06848114515551179,0.1145043186782095,0.07470516210123851,0.11411013741534604,0.07903442661338256,0.09143353639403629,0.12365691134230161,0.10779817777264801,0.03636635568732153,0.10727303776289104,0.09821549792608647,0.11492759608477952,0.08548588133956177,0.13073604543866238,0.08935887932256566,0.08268786888489613,0.07103187567217291,0.12341745557201923,0.10225209337070547,0.12190869172223383,0.11246132738324245,0.14864239834518525,0.04000182673989117,0.046209231192850815,0.05123033404943079,0.05175054667470827,0.04743069344412567,0.05933579469835054,0.0869639152902376,0.1516316154223184,0.15247017696000947,0.015054127102648395,0.032564583486561556,0.059505040290702915,0.03679579905489822,0.04686710652592114,0.01303713412656491,0.012816645538527247,0.03108059016520619,0.11478912582546497,0.03968876697569553,0.040058063779823315,0.09447347966137827,0.02816481110694914,0.08745133732068174,0.06843390969195032,0.06792115540617011,0.06669436875850403,0.02891142497989271,0.09033769197313864,0.025999931583403718,0.05151282754913911,0.051623458113867336,0.03694174260513955,0.07886754393822416,0.05088388203095404,0.030761549154178582,0.1601577166429835,0.01759009613911228,0.02149818312684897,0.15289975507088946,0.014693377317586761,0.00780869062540595,0.033062702465385584,0.04954122203332748,0.04971117990887919,0.05387123884012826,0.04300306008389604,0.055207096098168096,0.11894660732786265,0.09606852094590912,0.08814046527575821,0.09640639712332803,0.09867571209568933,0.0621958742886534,0.08143465992444966,0.08108793390097813,0.09907703543331296,0.10792175857446407,0.08461290582962115,0.045775899473991,0.06945484801769727,0.07068978133377816,0.07323051147999927,0.05879818144744928,0.0796712408581221,0.053192671284271166,0.07592788102197846,0.18999489169138048,0.03883753790475656,0.07872637219481901,0.11096428107179862,0.0425611328290193,0.05282242006097498,0.0635314435233159,0.06976114641401952
1,'AcousticGuitar',10,0.00379184364375661,0.0005906521441875158,0.0028535661592885273,0.0031391043356816333,0.003193947060647641,0.0010018069503034135,0.0028341087498459476,0.0012380975677178311,0.0024635079692231702,0.0,0.0010914030805289114,0.0006275902454927372,0.03985364379382398,0.0329781992504092,0.07919623225997534,0.06166958414141647,0.08292257111462735,0.062039373499877204,0.06341310595538147,0.05990375140202376,0.04614730149995433,0.02772685276638039,0.04333747697587883,0.03102505487599592,0.07026134154842435,0.055854601990169096,0.04687088779870505,0.04523012233362325,0.06602586451592096,0.11204903803861865,0.07224988146164768,0.11165485677575519,0.07657914597379173,0.08897825575444544,0.12120163070271077,0.10534289713305718,0.0339110750477307,0.10480952979366787,0.09575198995686329,0.11246408811555635,0.08302237337033862,0.1282725374694392,0.08689537135334248,0.08022436091567296,0.06856836770294973,0.12095394760279608,0.0997947827370461,0.11944518375301065,0.10999781941401927,0.1461871177055944,0.03754654610030034,0.04375395055325998,0.04877161625471521,0.049295266035117434,0.04497541280453483,0.05688051405875971,0.08450863465064674,0.14917633478272757,0.1500106387033443,0.01388546684266017,0.030101075517338385,0.057049759651112086,0.03434038707131103,0.0444118258863303,0.010577266215794441,0.010355215421713112,0.028625309525615355,0.11233384518587414,0.037233486336104696,0.037602783140232486,0.09201819902178743,0.0257095304673583,0.08499605668109089,0.06597225379037742,0.06545924793913172,0.0642390881189132,0.026456144340301874,0.08788241133354781,0.02354465094381288,0.04905754690954828,0.049167547628562285,0.03448646196554871,0.07641226329863333,0.0484286013913632,0.028306268514587746,0.15770243600339265,0.015130742127324208,0.019034675157625802,0.15159661930610815,0.012238096677995925,0.005346194597825212,0.030607421825794748,0.04708594139373665,0.04725589926928836,0.051415958200537425,0.0405477794443052,0.05274358812894492,0.11649132668827182,0.09361324030631828,0.08568518463616737,0.09395111648373718,0.0962204314560985,0.05974059364906257,0.07897937928485882,0.07863265326138728,0.0966135274640898,0.10545825060524087,0.08214939786039797,0.043320618834400165,0.06699134004847411,0.06823450069418732,0.07077428724408351,0.05634290080785844,0.07721596021853128,0.05073739064468033,0.07347260038238763,0.18753738605409764,0.036379007791866036,0.07626543848479922,0.10850900043220779,0.04010585218942846,0.050367139421384134,0.061076162883725076,0.06730586577442867
1,'AcousticGuitar',11,0.0027033498124189384,0.0005109085106387434,0.001765072327950856,0.00204862871576333,0.0021054532293099696,0.002090300781641085,0.003922992214463916,0.00014669448718891977,0.003554911049752082,0.0010914030805289114,0.0,0.0004640306184382602,0.038765149962486305,0.031889705419071525,0.07810773842863768,0.0605810903100788,0.08183407728328967,0.060950879668539536,0.0623246121240438,0.05881525757068609,0.04505880766861666,0.02663835893504272,0.04224898314454115,0.03191179717727788,0.07135274462895326,0.05476610815883143,0.045782393967367385,0.04414162850228558,0.06493737068458329,0.110960544207281,0.07116138763031,0.11056636294441752,0.07549065214245405,0.08788976192310777,0.1201131368713731,0.10425440330171952,0.032822581216393025,0.10371812671313896,0.0946605868763344,0.11137268503502744,0.08193097028980971,0.1271811343889103,0.08580396827281357,0.0791342020754428,0.06747696462242082,0.11986254452226718,0.09870628890570843,0.11835378067248174,0.1089064163334904,0.14509862387425673,0.03645805226896267,0.04266545672192231,0.04768312242337754,0.04820677220377976,0.04388691897319716,0.055792020227422044,0.0834201408193091,0.1480878409513899,0.14892214487200664,0.014976869923189083,0.029009672436809474,0.05596126581977442,0.033251893239973365,0.043323332054992635,0.009488772384456771,0.00926672159037544,0.027536815694277683,0.11124535135453646,0.03614499250476703,0.03651428930889481,0.09092970519044978,0.024621036636020634,0.08390756284975324,0.06488375995903976,0.06437075410779404,0.06315059428757552,0.0253676505089642,0.08679391750221015,0.022456157112475214,0.04796905307821061,0.04807905379722461,0.03339796813421104,0.07532376946729567,0.047340107560025525,0.027217774683250078,0.15661394217205502,0.014042248295986534,0.01794327207709689,0.15268802238663706,0.011149602846658254,0.004257700766487541,0.029518927994457076,0.04599744756239898,0.04616740543795069,0.05032746436919975,0.03945928561296753,0.05165263364246986,0.11540283285693413,0.09252474647498062,0.08459669080482972,0.09286262265239952,0.09513193762476084,0.0586520998177249,0.07789088545352116,0.07754415943004962,0.0955230913636032,0.10436684752471197,0.08105799477986907,0.0422321250030625,0.0658999369679452,0.06714600686284965,0.06968579341274583,0.055254406976520766,0.0761274663871936,0.04964889681334266,0.07238410655104996,0.18644889222275998,0.03529051396052837,0.07517694465346154,0.10742050660087012,0.03901735835809079,0.049278645590046466,0.0599876690523874,0.06621737194309102
1,'AcousticGuitar',12,0.0031642533982638725,4.6877892200483156e-05,0.00222597591379579,0.002511731873590982,0.0025663568151549038,0.0016293971957961507,0.003461698995338685,0.00061072510562718,0.0030908804313138217,0.0006275902454927372,0.0004640306184382602,0.0,0.03922605354833124,0.03235060900491646,0.0785686420144826,0.06104199389592374,0.0822949808691346,0.061411783254384456,0.06278551570988873,0.059276161156531025,0.04551971125446159,0.02709926252088765,0.04270988673038609,0.03144776655883962,0.070888714010515,0.05522701174467637,0.04624329755321232,0.04460253208813051,0.06539827427042823,0.11142144779312595,0.07162229121615493,0.11102726653026246,0.075951555728299,0.08835066550895271,0.12057404045721802,0.10471530688756443,0.03328348480223796,0.10418215733157722,0.09512461749477265,0.11183671565346569,0.08239500090824796,0.12764516500734854,0.08626799889125182,0.0795969884535823,0.06794099524085909,0.12032657514070544,0.09916719249155337,0.11881781129091999,0.10937044695192864,0.14555952746010167,0.0369189558548076,0.04312636030776724,0.04814402600922247,0.04866767578962469,0.0443478225590421,0.05625292381326697,0.08388104440515404,0.14854874453723485,0.14938304845785155,0.014512839304750821,0.02947370305524773,0.056422169405619345,0.0337127968258183,0.04378423564083756,0.009949675970301707,0.009727625176220375,0.02799771928012262,0.1117062549403814,0.03660589609061196,0.036975192894739745,0.0913906087762947,0.025081940221865565,0.08436846643559816,0.06534466354488468,0.06483165769363898,0.06361149787342045,0.025828554094809136,0.08725482108805509,0.022917060698320144,0.04842995666405555,0.04853995738306954,0.03385887172005597,0.0757846730531406,0.047801011145870466,0.02767867826909501,0.15707484575789996,0.014503151881831468,0.01840730269553515,0.15222399176819879,0.011610506432503187,0.004718604352332474,0.029979831580302013,0.046458351148243905,0.04662830902379562,0.05078836795504468,0.03992018919881246,0.05211621566685428,0.11586373644277907,0.09298565006082554,0.08505759439067463,0.09332352623824443,0.09559284121060578,0.05911300340356982,0.07835178903936608,0.07800506301589455,0.09598615500199914,0.10483087814315023,0.08152202539830732,0.042693028588907424,0.06636396758638345,0.06760691044869459,0.07014669699859077,0.0557153105623657,0.07658836997303854,0.0501098003991876,0.07284501013689489,0.18690979580860492,0.0357514175463733,0.07563784823930648,0.10788141018671504,0.03947826194393572,0.04973954917589141,0.060448572638232334,0.06667827552893595
