% Distances between instruments for pitch 76 (E5)
@RELATION distances

@ATTRIBUTE 'InstrumentId' NUMERIC
@ATTRIBUTE 'Instrument' STRING
@ATTRIBUTE 'StyleId' NUMERIC
@ATTRIBUTE 'Distance to instrument 1 (AcousticGuitar), style 1' NUMERIC
@ATTRIBUTE 'Distance to instrument 1 (AcousticGuitar), style 2' NUMERIC
@ATTRIBUTE 'Distance to instrument 1 (AcousticGuitar), style 3' NUMERIC
@ATTRIBUTE 'Distance to instrument 1 (AcousticGuitar), style 4' NUMERIC
@ATTRIBUTE 'Distance to instrument 1 (AcousticGuitar), style 5' NUMERIC
@ATTRIBUTE 'Distance to instrument 1 (AcousticGuitar), style 6' NUMERIC
@ATTRIBUTE 'Distance to instrument 1 (AcousticGuitar), style 7' NUMERIC
@ATTRIBUTE 'Distance to instrument 1 (AcousticGuitar), style 8' NUMERIC
@ATTRIBUTE 'Distance to instrument 1 (AcousticGuitar), style 9' NUMERIC
@ATTRIBUTE 'Distance to instrument 1 (AcousticGuitar), style 10' NUMERIC
@ATTRIBUTE 'Distance to instrument 1 (AcousticGuitar), style 11' NUMERIC
@ATTRIBUTE 'Distance to instrument 1 (AcousticGuitar), style 12' NUMERIC
@ATTRIBUTE 'Distance to instrument 2 (Balalaika), style 1' NUMERIC
@ATTRIBUTE 'Distance to instrument 3 (Bandura), style 1' NUMERIC
@ATTRIBUTE 'Distance to instrument 4 (BanjoFramus), style 1' NUMERIC
@ATTRIBUTE 'Distance to instrument 5 (Banjolin), style 1' NUMERIC
@ATTRIBUTE 'Distance to instrument 8 (Bawu), style 1' NUMERIC
@ATTRIBUTE 'Distance to instrument 9 (Bouzouki), style 1' NUMERIC
@ATTRIBUTE 'Distance to instrument 10 (Cello), style 1' NUMERIC
@ATTRIBUTE 'Distance to instrument 10 (Cello), style 2' NUMERIC
@ATTRIBUTE 'Distance to instrument 10 (Cello), style 3' NUMERIC
@ATTRIBUTE 'Distance to instrument 10 (Cello), style 4' NUMERIC
@ATTRIBUTE 'Distance to instrument 10 (Cello), style 5' NUMERIC
@ATTRIBUTE 'Distance to instrument 10 (Cello), style 6' NUMERIC
@ATTRIBUTE 'Distance to instrument 10 (Cello), style 7' NUMERIC
@ATTRIBUTE 'Distance to instrument 10 (Cello), style 8' NUMERIC
@ATTRIBUTE 'Distance to instrument 12 (Clarinet), style 1' NUMERIC
@ATTRIBUTE 'Distance to instrument 12 (Clarinet), style 2' NUMERIC
@ATTRIBUTE 'Distance to instrument 15 (DallapeAccordion), style 1' NUMERIC
@ATTRIBUTE 'Distance to instrument 16 (Dilruba), style 1' NUMERIC
@ATTRIBUTE 'Distance to instrument 17 (Domra), style 1' NUMERIC
@ATTRIBUTE 'Distance to instrument 19 (DungDkarTrumpet), style 1' NUMERIC
@ATTRIBUTE 'Distance to instrument 20 (EgyptianFiddle), style 1' NUMERIC
@ATTRIBUTE 'Distance to instrument 22 (ElectricGuitar), style 1' NUMERIC
@ATTRIBUTE 'Distance to instrument 22 (ElectricGuitar), style 2' NUMERIC
@ATTRIBUTE 'Distance to instrument 22 (ElectricGuitar), style 3' NUMERIC
@ATTRIBUTE 'Distance to instrument 22 (ElectricGuitar), style 4' NUMERIC
@ATTRIBUTE 'Distance to instrument 22 (ElectricGuitar), style 5' NUMERIC
@ATTRIBUTE 'Distance to instrument 22 (ElectricGuitar), style 6' NUMERIC
@ATTRIBUTE 'Distance to instrument 22 (ElectricGuitar), style 7' NUMERIC
@ATTRIBUTE 'Distance to instrument 22 (ElectricGuitar), style 8' NUMERIC
@ATTRIBUTE 'Distance to instrument 22 (ElectricGuitar), style 9' NUMERIC
@ATTRIBUTE 'Distance to instrument 23 (ElectricPiano), style 1' NUMERIC
@ATTRIBUTE 'Distance to instrument 23 (ElectricPiano), style 2' NUMERIC
@ATTRIBUTE 'Distance to instrument 23 (ElectricPiano), style 3' NUMERIC
@ATTRIBUTE 'Distance to instrument 23 (ElectricPiano), style 4' NUMERIC
@ATTRIBUTE 'Distance to instrument 23 (ElectricPiano), style 5' NUMERIC
@ATTRIBUTE 'Distance to instrument 23 (ElectricPiano), style 6' NUMERIC
@ATTRIBUTE 'Distance to instrument 24 (Erhu), style 1' NUMERIC
@ATTRIBUTE 'Distance to instrument 25 (Flute), style 1' NUMERIC
@ATTRIBUTE 'Distance to instrument 25 (Flute), style 2' NUMERIC
@ATTRIBUTE 'Distance to instrument 25 (Flute), style 3' NUMERIC
@ATTRIBUTE 'Distance to instrument 25 (Flute), style 4' NUMERIC
@ATTRIBUTE 'Distance to instrument 25 (Flute), style 5' NUMERIC
@ATTRIBUTE 'Distance to instrument 25 (Flute), style 6' NUMERIC
@ATTRIBUTE 'Distance to instrument 25 (Flute), style 7' NUMERIC
@ATTRIBUTE 'Distance to instrument 25 (Flute), style 8' NUMERIC
@ATTRIBUTE 'Distance to instrument 26 (Fujara), style 1' NUMERIC
@ATTRIBUTE 'Distance to instrument 27 (Horn), style 1' NUMERIC
@ATTRIBUTE 'Distance to instrument 27 (Horn), style 2' NUMERIC
@ATTRIBUTE 'Distance to instrument 27 (Horn), style 3' NUMERIC
@ATTRIBUTE 'Distance to instrument 28 (JinghuOperaViolin), style 1' NUMERIC
@ATTRIBUTE 'Distance to instrument 29 (Kantele), style 1' NUMERIC
@ATTRIBUTE 'Distance to instrument 30 (Melodica), style 1' NUMERIC
@ATTRIBUTE 'Distance to instrument 31 (MorinKhuurViolin), style 1' NUMERIC
@ATTRIBUTE 'Distance to instrument 32 (Oboe), style 1' NUMERIC
@ATTRIBUTE 'Distance to instrument 32 (Oboe), style 2' NUMERIC
@ATTRIBUTE 'Distance to instrument 33 (Oud), style 1' NUMERIC
@ATTRIBUTE 'Distance to instrument 34 (Organ), style 1' NUMERIC
@ATTRIBUTE 'Distance to instrument 34 (Organ), style 2' NUMERIC
@ATTRIBUTE 'Distance to instrument 34 (Organ), style 3' NUMERIC
@ATTRIBUTE 'Distance to instrument 34 (Organ), style 4' NUMERIC
@ATTRIBUTE 'Distance to instrument 34 (Organ), style 5' NUMERIC
@ATTRIBUTE 'Distance to instrument 34 (Organ), style 6' NUMERIC
@ATTRIBUTE 'Distance to instrument 36 (Piano), style 1' NUMERIC
@ATTRIBUTE 'Distance to instrument 36 (Piano), style 2' NUMERIC
@ATTRIBUTE 'Distance to instrument 36 (Piano), style 3' NUMERIC
@ATTRIBUTE 'Distance to instrument 36 (Piano), style 4' NUMERIC
@ATTRIBUTE 'Distance to instrument 36 (Piano), style 5' NUMERIC
@ATTRIBUTE 'Distance to instrument 36 (Piano), style 6' NUMERIC
@ATTRIBUTE 'Distance to instrument 36 (Piano), style 7' NUMERIC
@ATTRIBUTE 'Distance to instrument 36 (Piano), style 8' NUMERIC
@ATTRIBUTE 'Distance to instrument 36 (Piano), style 9' NUMERIC
@ATTRIBUTE 'Distance to instrument 36 (Piano), style 10' NUMERIC
@ATTRIBUTE 'Distance to instrument 36 (Piano), style 11' NUMERIC
@ATTRIBUTE 'Distance to instrument 37 (Pinkillo), style 1' NUMERIC
@ATTRIBUTE 'Distance to instrument 38 (PivanaFlute), style 1' NUMERIC
@ATTRIBUTE 'Distance to instrument 39 (Saxophone), style 1' NUMERIC
@ATTRIBUTE 'Distance to instrument 39 (Saxophone), style 3' NUMERIC
@ATTRIBUTE 'Distance to instrument 39 (Saxophone), style 4' NUMERIC
@ATTRIBUTE 'Distance to instrument 39 (Saxophone), style 5' NUMERIC
@ATTRIBUTE 'Distance to instrument 41 (Shakuhachi), style 1' NUMERIC
@ATTRIBUTE 'Distance to instrument 42 (Sitar), style 1' NUMERIC
@ATTRIBUTE 'Distance to instrument 45 (Trombone), style 3' NUMERIC
@ATTRIBUTE 'Distance to instrument 45 (Trombone), style 4' NUMERIC
@ATTRIBUTE 'Distance to instrument 46 (Trumpet), style 1' NUMERIC
@ATTRIBUTE 'Distance to instrument 46 (Trumpet), style 2' NUMERIC
@ATTRIBUTE 'Distance to instrument 46 (Trumpet), style 3' NUMERIC
@ATTRIBUTE 'Distance to instrument 46 (Trumpet), style 4' NUMERIC
@ATTRIBUTE 'Distance to instrument 46 (Trumpet), style 5' NUMERIC
@ATTRIBUTE 'Distance to instrument 46 (Trumpet), style 6' NUMERIC
@ATTRIBUTE 'Distance to instrument 46 (Trumpet), style 7' NUMERIC
@ATTRIBUTE 'Distance to instrument 46 (Trumpet), style 8' NUMERIC
@ATTRIBUTE 'Distance to instrument 46 (Trumpet), style 9' NUMERIC
@ATTRIBUTE 'Distance to instrument 46 (Trumpet), style 10' NUMERIC
@ATTRIBUTE 'Distance to instrument 47 (Tuba), style 2' NUMERIC
@ATTRIBUTE 'Distance to instrument 48 (TurkeySaz), style 1' NUMERIC
@ATTRIBUTE 'Distance to instrument 49 (Ukulele), style 1' NUMERIC
@ATTRIBUTE 'Distance to instrument 50 (Viola), style 1' NUMERIC
@ATTRIBUTE 'Distance to instrument 50 (Viola), style 2' NUMERIC
@ATTRIBUTE 'Distance to instrument 50 (Viola), style 3' NUMERIC
@ATTRIBUTE 'Distance to instrument 50 (Viola), style 4' NUMERIC
@ATTRIBUTE 'Distance to instrument 50 (Viola), style 5' NUMERIC
@ATTRIBUTE 'Distance to instrument 50 (Viola), style 6' NUMERIC
@ATTRIBUTE 'Distance to instrument 50 (Viola), style 7' NUMERIC
@ATTRIBUTE 'Distance to instrument 50 (Viola), style 8' NUMERIC
@ATTRIBUTE 'Distance to instrument 50 (Viola), style 9' NUMERIC
@ATTRIBUTE 'Distance to instrument 51 (Violin), style 1' NUMERIC
@ATTRIBUTE 'Distance to instrument 51 (Violin), style 2' NUMERIC
@ATTRIBUTE 'Distance to instrument 51 (Violin), style 3' NUMERIC
@ATTRIBUTE 'Distance to instrument 51 (Violin), style 4' NUMERIC
@ATTRIBUTE 'Distance to instrument 51 (Violin), style 5' NUMERIC
@ATTRIBUTE 'Distance to instrument 51 (Violin), style 6' NUMERIC
@ATTRIBUTE 'Distance to instrument 51 (Violin), style 7' NUMERIC
@ATTRIBUTE 'Distance to instrument 51 (Violin), style 8' NUMERIC
@ATTRIBUTE 'Distance to instrument 51 (Violin), style 9' NUMERIC
@ATTRIBUTE 'Distance to instrument 51 (Violin), style 10' NUMERIC
@ATTRIBUTE 'Distance to instrument 52 (Flugelhorn), style 1' NUMERIC

@DATA
1,'AcousticGuitar',1,0.0,0.006921248068751457,0.0035849308641747947,0.0030424022174937154,0.02481382079535743,0.010598203764213561,0.0036162649659054664,0.012506219283091244,0.006573420244245749,0.007953526995192783,0.0010830402729540862,0.007154302109736672,0.06193051368212548,0.07615475398113526,0.07061347004275868,0.05211849165656727,0.03292769540760853,0.11664125375767091,0.054548734777604184,0.07941821627676533,0.08906177656486162,0.05498002382740761,0.060031910657142244,0.04972431003953378,0.0499123014609282,0.05390593558883768,0.0643775637197928,0.07028135210794567,0.09823649467827682,0.0626902964432458,0.05126097935707582,0.05848898331508359,0.15368118875948963,0.009715651102199683,0.03546840343988994,0.009647945376460425,0.0365652913750806,0.1046850788556209,0.0004434220565620436,0.0013194695764435667,0.0008205683933252238,0.003939270924676411,0.03872869520906936,0.08873710958708815,0.058529247922072786,0.022259287026660093,0.06043819797486203,0.04512707689397396,0.05669173898153118,0.030881522764523953,0.03201877943200323,0.024727449270635044,0.02571175161946407,0.04259014059114489,0.04850009455791413,0.039626458740906007,0.06434468214133858,0.05403977947436742,0.059713273343792415,0.06599688362526644,0.0603570664014531,0.0773656519618911,0.07544633951489903,0.0798813782379746,0.08560257644463735,0.04033078270573796,0.04837225723516053,0.10327055344567004,0.04110688759544892,0.03437341922961306,0.048251144027815274,0.05371476279838102,0.0687752053127421,0.027587653479580292,0.009895486418500472,0.015042779625983152,0.029384270471477843,0.009629763490582205,0.051768201896755135,0.002018764461682925,0.031379768564338356,0.029187864723169782,0.028545039355540553,0.025208856261557874,0.05012664764640599,0.09731194070631444,0.05569203825892902,0.0835288351314923,0.048568660873543223,0.06850462380243381,0.06774836081849002,0.07234354815174017,0.08758564121569394,0.08856772827818088,0.04475309543079087,0.034482922744077334,0.03116529704297123,0.01665954550760213,0.18864284400549,0.02280777200637982,0.1150303133071134,0.09303021850986114,0.0782322328590742,0.054525171575693664,0.051257831721930325,0.030849083653243948,0.061233076890543,0.0773569624535038,0.04190745117149607,0.065658243130691,0.05431763484214306,0.042028206557644394,0.07646687569055073,0.048102148495860926,0.0791867379005311,0.059772060974749706,0.07930685106289677,0.03977359946986572,0.04767150454706328,0.06089886312656279,0.05935879255533897,0.09142680107174334,0.060919766512777286,0.10334838128749606,0.059756806092073955,0.06434440466250205,0.08041222909425497,0.052939567956867495
1,'AcousticGuitar',2,0.006921248068751457,0.0,0.0033397343378910455,0.009961665917370596,0.02971558605023392,0.01751746746409044,0.010535528665782347,0.01942548298296812,0.013494668312997206,0.014872790695069664,0.005841471412651469,0.014073565809613553,0.06885176175087694,0.08307600204988673,0.07753471811151015,0.05903973972531873,0.039848943476359984,0.12356250182642237,0.06146998284635564,0.0863394643455168,0.09598104026473851,0.06190127189615907,0.06695117435701912,0.056645558108285234,0.05683231054912815,0.060827183657589136,0.07129881178854426,0.07720260017669713,0.10515774274702828,0.06961154451199725,0.05818222742582727,0.06541023138383505,0.16060243682824107,0.0027944030334482264,0.042387667139766806,0.002726697307708968,0.04348455507495747,0.11160434255549778,0.006482024436470978,0.008238733276320446,0.006105444822416639,0.010858534624553292,0.04564994327782081,0.09565835765583962,0.06545049599082424,0.02918053509541155,0.06735944604361349,0.05204832496272541,0.06361298705028264,0.03780078646440083,0.036750753331560956,0.0209151226750454,0.03169551854455524,0.04951138865989635,0.05542134262666559,0.04654770680965747,0.07126593021009002,0.060961027543118884,0.06663452141254388,0.07291656893811445,0.06727831447020456,0.08428690003064256,0.08236758758365048,0.08680262630672607,0.09252382451338881,0.04725203077448942,0.05529350530391199,0.1101918015144215,0.04802813566420038,0.041294667298364514,0.055172392096566734,0.060636010867132474,0.07569645338149357,0.03450890154833174,0.002976222718623592,0.008123515926106271,0.022465006771600963,0.0027085154218307486,0.04484695382800369,0.008940012530434383,0.03830101663308982,0.036109112791921236,0.03546628742429201,0.032130104330309335,0.05704789571515745,0.10423318877506589,0.06261328632768048,0.09045008320024377,0.055489908942294684,0.07542587187118527,0.07466960888724147,0.07926479622049164,0.0945068892844454,0.09548699197805777,0.05167434349954233,0.04062738505436505,0.03808555503534448,0.023579463559638997,0.19556409207424144,0.02972902007513128,0.12195156137586488,0.09995146657861259,0.08515348092782565,0.06144641964444512,0.058179079790681786,0.037770331721995405,0.06815432495929447,0.08427821052225527,0.048828699240247526,0.07257949119944246,0.06123888291089452,0.048949454626395855,0.0833881237593022,0.05502339656461239,0.08610798596928255,0.06669330904350118,0.08622809913164824,0.04669484753861717,0.05459076824694017,0.06781884084652472,0.06628004062409044,0.09834740287902854,0.06784101458152875,0.11026962935624751,0.06667805416082541,0.0712656527312535,0.08733347716300643,0.059860816025618956
1,'AcousticGuitar',3,0.0035849308641747947,0.0033397343378910455,0.0,0.006622365846061476,0.02637926884565726,0.014177733126199396,0.007195794327891302,0.016085748645077075,0.010158351108420545,0.011533056357178618,0.0025018905912207088,0.010734370687277428,0.06551544454630027,0.07973968484531006,0.07419840090693348,0.05570342252074206,0.03651262627178333,0.12022618462184571,0.058133665641778985,0.08300314714094013,0.09264262766817799,0.05856495469158241,0.0636130198473437,0.05330924090370857,0.05349599334455148,0.05749086645301247,0.0679624945839676,0.07386628297212047,0.10182142554245162,0.06627522730742058,0.054845910221250606,0.062073914179258394,0.1572661196236644,0.006130720238024888,0.039050329559313576,0.006063936480410626,0.04014506017883931,0.10826460821760674,0.0031422900985799327,0.004898998938429401,0.002765710484525594,0.007518800286662246,0.042313626073244154,0.09232204045126295,0.06211417878624758,0.02584421789083489,0.06402312883903682,0.04871200775814875,0.060276669845705975,0.03446401322317875,0.0334144361269843,0.021147919908649213,0.028359201339978577,0.04617507145531968,0.052085025422088926,0.0432113896050808,0.06792961300551337,0.05762471033854222,0.06329820420796721,0.0695802517335378,0.0639419972656279,0.08095058282606589,0.07903127037907381,0.0834663091021494,0.08918750730881214,0.04391571356991275,0.051957188099335326,0.10685548430984483,0.044691818459623715,0.03795835009378786,0.05183607489199007,0.05729969366255581,0.0723601361769169,0.031172584343755083,0.006315957056514638,0.011463250263997317,0.02580474110949201,0.006047685880440399,0.04818351606755225,0.005603695325857721,0.03496469942851315,0.032772795587344576,0.032129970219715344,0.028793787125732672,0.05371157851058078,0.10089687157048921,0.059276969123103825,0.0871137659956671,0.05215359173771802,0.0720895546666086,0.07133329168266482,0.07592847901591497,0.09117057207986874,0.09214878622689342,0.04833802629496566,0.03729106784978839,0.03474923783076782,0.020243146355062334,0.1922277748696648,0.02639270287055462,0.11861524417128821,0.09661514937403592,0.08181716372324899,0.058110102439868465,0.054842762586105126,0.03443401451741874,0.0648180077547178,0.0809418933176786,0.04549238203567086,0.06924317399486579,0.057902565706317854,0.04561313742181919,0.08005180655472553,0.05168707936003572,0.08277166876470589,0.06335699183892451,0.08289178192707157,0.04335853033404052,0.051251033909049115,0.06448252364194805,0.06294372341951378,0.09501108567445188,0.06450469737695208,0.10693331215167085,0.06334173695624874,0.06792933552667683,0.08399715995842977,0.056524498821042296
1,'AcousticGuitar',4,0.0030424022174937154,0.009961665917370596,0.006622365846061476,0.0,0.027856223012851147,0.007555801546719845,0.0005738627484117514,0.009463817065597529,0.0035359852623590682,0.0049111247776990686,0.004120475254840768,0.004112004841215952,0.0588930787002388,0.07311731899924857,0.06757603506087201,0.04908105667468058,0.02989026042572185,0.11360381877578424,0.0515112997957175,0.07638078129487866,0.08602026182211651,0.05194258884552094,0.05699065400128223,0.0466868750576471,0.04687362749849001,0.050868500606951,0.06134012873790612,0.067243917126059,0.09519905969639014,0.0596528614613591,0.04822354437518913,0.05545154833319691,0.15064375377760295,0.012753086084086365,0.0324279637132521,0.012685868059890177,0.03352288915758688,0.10164267663812719,0.003480857038448724,0.0017245223842610553,0.003858003375211905,0.0008968687071826956,0.03569126022718267,0.08569967460520149,0.055491812940186104,0.019221852044773415,0.05740076299297534,0.04208964191208728,0.0536543039996445,0.027841647377117276,0.035061181649496946,0.02776985148812876,0.028754153836957785,0.039552705609258214,0.04546265957602746,0.036589023759019325,0.061307247159451884,0.05100234449248075,0.05667583836190573,0.06295788588747632,0.05731963141956642,0.07432821698000441,0.07240890453301234,0.07684394325608791,0.08256514146275067,0.037293347723851275,0.04533482225327385,0.10023311846378337,0.03806945261356224,0.03133598424772638,0.045213709045928585,0.05067732781649434,0.06573777033085543,0.024550218497693607,0.012937888635994188,0.018085181843476867,0.03242667268897156,0.01266961745991995,0.05480563687864182,0.0012321465856426847,0.028342333582451678,0.026150429741283097,0.02550760437365387,0.022171421279671196,0.04708921266451931,0.09427450572442775,0.052654603277042356,0.08049140014960561,0.04553122589165654,0.06546718882054713,0.06471092583660333,0.0693061131698535,0.08454820623380727,0.08552642038083193,0.041715660448904186,0.03752532496157105,0.028196968653085307,0.015632254374849275,0.1856054090236033,0.019770337024493143,0.11199287832522674,0.08999278352797446,0.07519479787718751,0.05148773659380698,0.04822039674004366,0.0313002592761537,0.058195641908656316,0.07431952747161713,0.038870016189609384,0.06262080814880432,0.051280199860256385,0.03899077157575771,0.07342944070866404,0.04506471351397425,0.07614930291864443,0.05673462599286303,0.07626941608101008,0.03673616448797904,0.04462910232956956,0.05786015779588658,0.0563213575734523,0.0883887198283904,0.0578823315308906,0.10031094630560937,0.05671937111018727,0.061306969680615366,0.07737479411236829,0.04990213297498083
1,'AcousticGuitar',5,0.02481382079535743,0.02971558605023392,0.02637926884565726,0.027856223012851147,0.0,0.03541202455957099,0.028430085761262894,0.03732004007844867,0.03138613213736655,0.03276734779055021,0.02387737825443655,0.0319681229050941,0.08674322557524627,0.0533604159996528,0.09542618193587948,0.06138469772137469,0.033341018337943756,0.09384691577618846,0.03175439679612172,0.05662387829528287,0.0662685474856158,0.032185685845925155,0.03723868157789641,0.029312635228456087,0.02711907238168236,0.04286144269051354,0.04158322573831034,0.047487014126463216,0.07544215669679437,0.039895958461763324,0.07607369125019663,0.04036697175548882,0.13088685077800713,0.03250998908368215,0.06028222423524737,0.032442283357942886,0.06137911217043803,0.08189184977637505,0.02437658153195153,0.026133290371800996,0.024000001917897185,0.028753091720033836,0.06354140710219015,0.0659427716056057,0.08334195981519359,0.047071998919780894,0.03764385999337957,0.06993978878709477,0.03389740100004872,0.008088293685278117,0.007204958636645803,0.008848821386263825,0.001979932494321319,0.020446117850378562,0.025705756576431676,0.017929427979161642,0.04155034415985611,0.031245441492884964,0.036918935362309946,0.04320365454602062,0.03756272841997064,0.06051988239651446,0.052652001533416565,0.05708704025649214,0.06280823846315488,0.01753644472425549,0.02557791925367807,0.12808326533879086,0.030437567407899296,0.029633043035499917,0.036222245230994994,0.041666026265421416,0.05236820705191387,0.020334098528853168,0.0326887154977463,0.037836008705228984,0.05217749955072368,0.03242410147206467,0.02695549000363434,0.026831476354803725,0.05619248045745915,0.054000576616290576,0.05335775124866136,0.05002170371885405,0.0749393595395268,0.07451760272483197,0.03289770027744657,0.060734497150009836,0.025774322892060764,0.045710285820951345,0.04495402283700756,0.04954921017025771,0.09651362686247889,0.06577449919893504,0.03283457042356912,0.010911799004131133,0.008372067963725393,0.01222396863800187,0.16584850602400755,0.011630277750572765,0.09893136524096169,0.07276399983652626,0.05543789487759173,0.0317308335942112,0.04118061643487813,0.008054745671761484,0.054299757037632124,0.1021696743466246,0.027863596099207393,0.042863905149208535,0.0315232968606606,0.028574064619281598,0.05367253770906827,0.03197717962378954,0.056392399919048646,0.05085108777363461,0.06954935945157388,0.019683805665635244,0.024878275467817446,0.03810563404731696,0.05247238925526299,0.06863357199249749,0.038125428531294824,0.08055404330601358,0.05415928916225943,0.06023096007843864,0.06516576940892775,0.030145229975385036
1,'AcousticGuitar',6,0.010598203764213561,0.01751746746409044,0.014177733126199396,0.007555801546719845,0.03541202455957099,0.0,0.006981938798308093,0.0019080155188776822,0.004027355377640083,0.0026446767690207775,0.011675996051438972,0.003443901654476888,0.05133995998244589,0.06556420028145567,0.0600229163430791,0.041527937956887674,0.022337141707928942,0.10605070005799133,0.043958181077924596,0.06882766257708575,0.07846714310432361,0.04438947012772803,0.04943753528348933,0.03913375633985419,0.0393205087806971,0.043315381889158094,0.05378701002011321,0.059690798408266084,0.08764594097859724,0.05209974274356619,0.040670425657396224,0.047898429615404005,0.14309063505981,0.020307601214243482,0.024874844995459194,0.02024166960661002,0.025969575614984922,0.09408848947303694,0.011035443027619463,0.009278734187769994,0.0114120226416738,0.00665893283953715,0.02813814150938977,0.07814655588740856,0.04793869422239319,0.011668733326980506,0.049847644275182436,0.03453652319429437,0.046101185281851594,0.03236092181346445,0.04261698319621679,0.03532565303484861,0.03630995538367763,0.03199958689146531,0.03876272241425483,0.029035905041226415,0.05375412844165898,0.04344922577468784,0.04912271964411282,0.05540476716968342,0.04976651270177351,0.06677509826221151,0.0651723821373725,0.069290824538295,0.07501202274495776,0.03300027307472137,0.037781703535480944,0.09267999974599045,0.03051633389576933,0.023782865529933472,0.03766059032813568,0.043124209098701426,0.058184651613062514,0.0169970997799007,0.020493690182714033,0.02564098339019671,0.03998247423569141,0.020225419006639794,0.06236124919375164,0.00878794813236253,0.02078921486465877,0.01859731102349019,0.017954485655860965,0.014618302561878288,0.0395360939467264,0.08672138700663484,0.04510148455924944,0.0729382814318127,0.037978107173863636,0.05791407010275421,0.05715780711881043,0.06175299445206059,0.07699508751601436,0.07797330166303902,0.03416254173111128,0.0450811265082909,0.035752770199805155,0.023188055921569122,0.1780522903058104,0.023872168523958816,0.1044397596074338,0.08243966481018154,0.0676416791593946,0.043934617876014076,0.040667278022250744,0.03885606082287355,0.05064252319086341,0.06676640875382422,0.03131689747181648,0.05506768943101142,0.04372708114246348,0.03143765285796481,0.06587632199087114,0.03751159479618134,0.06859618420085152,0.049181507275070126,0.06871629736321717,0.02918304577018613,0.037074309535773155,0.050307039078093675,0.048768238855659396,0.0808356011105975,0.05032921281309769,0.09275782758781646,0.04916625239239436,0.05375385096282245,0.06982167539457539,0.04234901425718791
1,'AcousticGuitar',7,0.0036162649659054664,0.010535528665782347,0.007195794327891302,0.0005738627484117514,0.028430085761262894,0.006981938798308093,0.0,0.008889954317185776,0.002962772766359775,0.004337262029287316,0.004694057253130877,0.0035387923452166585,0.058319866204239505,0.07254410650324929,0.06700282256487271,0.04850784417868129,0.029317047929722558,0.11303060627978495,0.05093808729971821,0.07580756879887936,0.08544704932611723,0.05136937634952165,0.05641744150528294,0.046113662561647804,0.046300415002490714,0.05029528811095171,0.060766916241906825,0.0666707046300597,0.09462584720039084,0.05907964896535981,0.04765033187918984,0.054878335837197624,0.15007054128160366,0.013326298580085659,0.03185475121725281,0.013259730808301928,0.03294948183677854,0.10106881388971543,0.0040540695344480175,0.0022977348802603486,0.004431215871211198,0.0003230059587709443,0.035118047731183384,0.08512646210920218,0.05491860044418681,0.01864863954877412,0.056827550496976055,0.041516429416087984,0.053081091503645206,0.02726843488111798,0.035635044397908704,0.028343714236540512,0.029328016585369533,0.03897949311325891,0.04488944708002816,0.03601581126302003,0.0607340346634526,0.05042913199648145,0.05610262586590644,0.062384673391477026,0.056746418923567125,0.07375500448400513,0.07183569203701305,0.07627073076008863,0.08199192896675138,0.03672013522785198,0.044761609757274556,0.09965990596778407,0.037496240117562946,0.030762771751727088,0.0446404965499293,0.050104115320495045,0.06516455783485613,0.023977006001694317,0.01351175138440594,0.018659044591888618,0.03300053543738331,0.013243480208331701,0.055379310395443554,0.001806009334054436,0.02776912108645238,0.025577217245283806,0.024934391877654578,0.021598208783671902,0.04651600016852001,0.09370129322842846,0.05208139078104305,0.07991818765360632,0.04495801339565725,0.06489397632454784,0.06413771334060404,0.0687329006738542,0.08397499373780798,0.08495320788483264,0.0411424479529049,0.0380991877099828,0.028770831401497058,0.016206117123261025,0.18503219652760403,0.01919712452849385,0.11141966582922742,0.08941957103197516,0.07462158538118822,0.05091452409780769,0.04764718424404435,0.03187412202456546,0.05762242941265703,0.07374631497561783,0.0382968036936101,0.06204759565280502,0.050706987364257085,0.03841755907975842,0.07285622821266476,0.04449150101797495,0.07557609042264513,0.05616141349686374,0.0756962035850108,0.03616295199197975,0.04405523958115781,0.05728694529988729,0.05574814507745301,0.08781550733239112,0.05730911903489131,0.09973773380961008,0.05614615861418798,0.06073375718461607,0.076801581616369,0.04932892047898152
1,'AcousticGuitar',8,0.012506219283091244,0.01942548298296812,0.016085748645077075,0.009463817065597529,0.03732004007844867,0.0019080155188776822,0.008889954317185776,0.0,0.005935370896517766,0.00455269228789846,0.013584011570316653,0.005351917173354571,0.0494321112491945,0.06365635154820427,0.0581150676098277,0.03962008922363628,0.020429292974677545,0.10414285132473994,0.0420503323446732,0.06691981384383434,0.07655929437107221,0.042481621394476636,0.047529686550237926,0.03722590760660279,0.03741266004744571,0.041407533155906694,0.05187916128686182,0.05778294967501469,0.08573809224534584,0.0501918940103148,0.03876257692414483,0.04599058088215261,0.14118278632655865,0.022215616733121165,0.022966996262207797,0.022149685125487706,0.024061726881733525,0.09218064073978555,0.012943458546497144,0.011186749706647675,0.013320038160551483,0.008566948358414832,0.026230292776138368,0.07623870715415716,0.0460308454891418,0.00976088459372911,0.04793979554193104,0.03262867446104297,0.04419333654860019,0.03426893733234213,0.04452499871509447,0.03723366855372629,0.03821797090255531,0.030091738158213907,0.040670737933132514,0.02712805630797502,0.051846279708407585,0.04154137704143644,0.04721487091086143,0.05349691843643201,0.04785866396852212,0.06486724952896011,0.06708039765625019,0.06738297580504361,0.07310417401170637,0.03490828859359905,0.03587385480222954,0.09077215101273906,0.028608485162517933,0.02187501679668208,0.035752741594884285,0.04121636036545003,0.05627680287981112,0.017723616872253437,0.022401705701591713,0.027548998909074394,0.04189048975456908,0.022133434525517474,0.06426926471262932,0.010695963651240212,0.01888136613140737,0.016689462290238797,0.016046636922609568,0.012710453828626893,0.037628245213475,0.08481353827338345,0.04319363582599805,0.07103043269856131,0.03607025844061224,0.05600622136950282,0.05524995838555904,0.05984514571880919,0.07508723878276297,0.07606545292978763,0.032254692997859886,0.04698914202716858,0.03766078571868283,0.0250960714404468,0.176144441572559,0.025780184042836496,0.10253191087418244,0.08053181607693015,0.06573383042614321,0.04202676914276268,0.03875942928899934,0.04076407634175123,0.048734674457612016,0.06485856002057283,0.02940904873856508,0.05315984069776001,0.04181923240921207,0.02952980412471341,0.06396847325761974,0.03560374606292994,0.06668833546760013,0.04727365854181873,0.06680844862996578,0.027275197036934734,0.03516646080252176,0.05086252168877176,0.046860390122407995,0.0789277523773461,0.0484213640798463,0.09084997885456507,0.04725840365914297,0.05184600222957106,0.06791382666132399,0.04044116552393651
1,'AcousticGuitar',9,0.006573420244245749,0.013494668312997206,0.010158351108420545,0.0035359852623590682,0.03138613213736655,0.004027355377640083,0.002962772766359775,0.005935370896517766,0.0,0.0013826786086193067,0.007656460517199835,0.0005834537231631956,0.05535709343787973,0.06958133373688952,0.06404004979851294,0.04554507141232151,0.02635427516336278,0.11006783351342518,0.04797531453335843,0.07284479603251959,0.08249092817828814,0.048406603583161865,0.053461062270568765,0.04315088979528803,0.04334145307435472,0.04733251534459193,0.05780414347554705,0.06370793186369993,0.09166307443403106,0.05611687619900004,0.044687559112830066,0.05191556307083784,0.14710776851524388,0.016289071346445434,0.028897555053316457,0.016221365620706172,0.02999444298850712,0.09811423046904742,0.007016842300807793,0.005260507646620123,0.007393988637570972,0.0026417056032635323,0.03215527496482361,0.0821636893428424,0.051955827677827034,0.015685866782414345,0.053864777730616285,0.03855365664972821,0.05011831873728543,0.02833857869901664,0.03858962781857671,0.03129829765720852,0.03228260000603755,0.03601672034689914,0.041927350807214187,0.033053038496660254,0.05777126189709283,0.04746635923012168,0.05313985309954666,0.05942603523869297,0.05378364615720735,0.07079223171764536,0.06887291927065327,0.07330795799372886,0.0790291562003916,0.033757362461492205,0.04179883699091478,0.09669713320142431,0.03453346735120317,0.027799998985367308,0.04167772378356952,0.04714134255413527,0.06220178506849636,0.02101423323533454,0.016466334805073948,0.02161362801255663,0.03595511885805132,0.016203183734827955,0.05834162214100089,0.004760592754722446,0.024806348320092608,0.022614444478924033,0.021971619111294804,0.018637034536923145,0.04355322740216024,0.09073852046206866,0.04911861801468328,0.07695541488724654,0.04199524062929747,0.06193120355818806,0.061174940574244274,0.06577012790749442,0.08101222097144821,0.08199687989160741,0.038179675186545116,0.04105377113065081,0.03172897675621555,0.0191646024183159,0.18206942376124424,0.01984481314631873,0.10845689306286767,0.08645794182977364,0.07165881261482844,0.04795175133144791,0.04468441147768457,0.03482870544523347,0.05465965664629726,0.07078354220925806,0.03533403092725032,0.0590852414438404,0.047744214597897315,0.03545478631339865,0.06989345544630499,0.04152872825161518,0.07261331765628536,0.05319864073050396,0.07273343081865102,0.03320017922561997,0.0411006561604898,0.05432801473998932,0.05278537231109323,0.08485595268516986,0.05434634626853154,0.0967749610432503,0.0531833858478282,0.057770984418256295,0.07383880885000922,0.04636614771262174
1,'AcousticGuitar',10,0.007953526995192783,0.014872790695069664,0.011533056357178618,0.0049111247776990686,0.03276734779055021,0.0026446767690207775,0.004337262029287316,0.00455269228789846,0.0013826786086193067,0.0,0.009031319282418194,0.000799224885456111,0.053983776658850076,0.06820801695785986,0.06266673301948328,0.044171754633291864,0.02498095838433313,0.10869451673439551,0.04660199775432877,0.07147147925348994,0.08111095978072778,0.04703328680413221,0.05208135195989352,0.041777573016258375,0.04196432545710129,0.04595919856556228,0.056430826696517396,0.062334615084670274,0.09028975765500143,0.05474355941997038,0.04331424233380041,0.050542246291808195,0.14573445173621422,0.017662924445222706,0.02751866167186338,0.017596992837589243,0.02861339229138911,0.09673230614944113,0.008390766258598687,0.006634057418749217,0.008767345872653024,0.004015022382293187,0.03078195818579395,0.08079037256381276,0.050582510898797374,0.01431255000338469,0.052491460951586626,0.037180339870698555,0.04874500195825578,0.029716245044443673,0.039972306427196014,0.03268097626582783,0.03366527861465685,0.03464340356786949,0.040553357534638734,0.0316797217176306,0.05639794511806317,0.046093042451092026,0.051766536320517004,0.0580485838460876,0.05241032937817769,0.06941891493861568,0.06749960249162362,0.07193464121469921,0.07765583942136194,0.03238404568246255,0.04042552021188513,0.09532381642239464,0.033160150572173516,0.02642668220633766,0.04030440700453986,0.045768025775105615,0.0608284682894667,0.019640916456304888,0.017849013413693254,0.022996306621175935,0.037337797466670625,0.017580742237619018,0.059716572424730864,0.006143271363341752,0.02343303154106295,0.021241127699894377,0.02059830233226515,0.017262119238282473,0.04217991062313058,0.08936520368303902,0.047745301235653625,0.0755820981082169,0.040621923850267826,0.06055788677915841,0.059801623795214615,0.06439681112846478,0.07963890419241855,0.08061711833944323,0.03680635840751547,0.04243644973927011,0.03310809343078438,0.02054337915254834,0.1806961069822146,0.02122749175493804,0.10708357628383802,0.08508348148658573,0.0702854958357988,0.04657843455241826,0.04331109469865493,0.036211384053852776,0.0532863398672676,0.06941022543022841,0.03396071414822066,0.0577115061074156,0.04637089781886766,0.03408146953436899,0.06852013866727533,0.04015541147258552,0.0712400008772557,0.0518253239514743,0.07136011403962135,0.03182686244659031,0.03971812621217734,0.052950855754497865,0.05141205553206357,0.08347941778700169,0.05297302948950188,0.09540164426422064,0.051810069068798544,0.05639766763922665,0.07246549207097956,0.0449928309335921
1,'AcousticGuitar',11,0.0010830402729540862,0.005841471412651469,0.0025018905912207088,0.004120475254840768,0.02387737825443655,0.011675996051438972,0.004694057253130877,0.013584011570316653,0.007656460517199835,0.009031319282418194,0.0,0.008232480096056718,0.06301355395507957,0.07723779425408935,0.07169651031571277,0.05320153192952135,0.03401073568056262,0.11772429403062501,0.055631775050558274,0.08050125654971942,0.09014073707695729,0.05606306410036171,0.061111129256123,0.05080735031248786,0.05099410275333077,0.054988975861791765,0.06546060399274689,0.07136439238089977,0.09931953495123091,0.06377333671619988,0.0523440196300299,0.05957202358803768,0.1547642290324437,0.008632610829245596,0.036548438968092865,0.008565673555171049,0.0376431695876186,0.10576287114284631,0.0006405530238195083,0.0023972618636689774,0.0002639734097651698,0.005017063211901822,0.03981173548202344,0.08982014986004223,0.05961228819502687,0.02334232729961418,0.061521238247816114,0.04621011716692804,0.057774779254485265,0.031962122631958044,0.03094098714477782,0.023649656983409637,0.02585731074875787,0.04367318086409897,0.049583134830868215,0.04070949901386009,0.06542772241429266,0.05512281974732151,0.0607963136167465,0.06707836114231709,0.06144010667440719,0.07844869223484519,0.07652937978785311,0.08096441851092868,0.08668561671759144,0.04141382297869204,0.049455297508114615,0.10435359371862413,0.042189927868403004,0.03545645950256714,0.04933418430076936,0.054797803071335104,0.06985824558569619,0.028670693752534376,0.008817694131275063,0.01396498733875774,0.028306478184252432,0.008549422955200824,0.050685253142312675,0.003101804734637012,0.032462808837292446,0.030270904996123865,0.029628079628494636,0.02629189653451196,0.05120968791936007,0.0983949809792685,0.05677507853188312,0.08461187540444638,0.04965170114649731,0.0695876640753879,0.0688314010914441,0.07342658842469425,0.08866868148864804,0.0896468956356727,0.04583613570374495,0.03478917725856768,0.03224734723954711,0.017741255763841626,0.18972588427844408,0.02389081227933391,0.11611335358006751,0.09411325878281522,0.07931527313202828,0.055608211848647754,0.052340871994884415,0.031932123926198035,0.06231611716349709,0.0784400027264579,0.042990491444450156,0.06674128340364509,0.055400675115097144,0.04311124683059848,0.07754991596350481,0.04918518876881501,0.08026977817348518,0.060855101247703804,0.08038989133585085,0.040856639742819806,0.04874929683428869,0.061980633050727346,0.060441832828293074,0.09250919508323117,0.06200280678573137,0.10443142156045014,0.06083984636502804,0.06542744493545613,0.08149526936720906,0.054022608229821585
1,'AcousticGuitar',12,0.007154302109736672,0.014073565809613553,0.010734370687277428,0.004112004841215952,0.0319681229050941,0.003443901654476888,0.0035387923452166585,0.005351917173354571,0.0005834537231631956,0.000799224885456111,0.008232480096056718,0.0,0.054781073859022845,0.06900531415803263,0.06346403021965606,0.044969051833464634,0.0257782555845059,0.10949181393456829,0.04739929495450155,0.07226877645366271,0.08190825698090055,0.04783058400430499,0.052878649160066286,0.042574870216431145,0.04276162265727406,0.04675649576573505,0.057228123896690165,0.06313191228484304,0.0910870548551742,0.05554085662014315,0.044111539533973176,0.051339543491980964,0.14653174893638699,0.016865090925302317,0.02831595887203615,0.016797767952133134,0.029410989265343926,0.09753077674588423,0.007592861879664676,0.005836527225477007,0.007970008216427857,0.003217725182120416,0.031579255385966724,0.08158766976398553,0.05137980809897016,0.015109847203557463,0.053288758151759395,0.037977637070871324,0.04954229915842855,0.028917020158987564,0.03917308154173991,0.03188175138037172,0.03286605372920074,0.03544070076804226,0.041350654734811504,0.03247701891780338,0.05719524231823594,0.046890339651264795,0.05256383352068977,0.05884588104626037,0.053207626578350466,0.07021621213878847,0.06829689969179639,0.07273193841487197,0.0784531366215347,0.03318134288263532,0.041222817412057904,0.09612111362256742,0.033957447772346286,0.02722397940651043,0.04110170420471263,0.04656532297527838,0.06162576548963947,0.020438213656477657,0.017049788528237145,0.022197081735719822,0.03653857258121452,0.016781517352162906,0.05891764171985777,0.005344046477885642,0.024230328741235724,0.022038424900067147,0.021395599532437918,0.018059416438455243,0.04297720782330336,0.0901625008832118,0.048542598435826395,0.07637939530838966,0.041419221050440595,0.06135518397933117,0.060598920995387384,0.06519410832863755,0.08043620139259132,0.081414415539616,0.03760365560768824,0.041637224853814006,0.032308868545328266,0.01974415426709223,0.18149340418238735,0.020428266869481928,0.10788087348401078,0.08588077868675849,0.07108279303597155,0.04737573175259103,0.044108391898827704,0.03541215916839666,0.05408363706744037,0.07020752263040118,0.03475801134839344,0.05850880330758837,0.04716819501904043,0.03487876673454176,0.0693174358674481,0.04095270867275829,0.07203729807742848,0.052622621151647085,0.07215741123979413,0.03262415964676309,0.04051720243732661,0.053748152954670635,0.05220935273223635,0.08427671498717444,0.05377032668967465,0.09619894146439341,0.05260736626897131,0.05719496483939942,0.07326278927115233,0.04579012813376487
