% Distances between instruments for pitch 79 (G5)
@RELATION distances

@ATTRIBUTE 'InstrumentId' NUMERIC
@ATTRIBUTE 'Instrument' STRING
@ATTRIBUTE 'StyleId' NUMERIC
@ATTRIBUTE 'Distance to instrument 3 (Bandura), style 1' NUMERIC
@ATTRIBUTE 'Distance to instrument 4 (BanjoFramus), style 1' NUMERIC
@ATTRIBUTE 'Distance to instrument 5 (Banjolin), style 1' NUMERIC
@ATTRIBUTE 'Distance to instrument 9 (Bouzouki), style 1' NUMERIC
@ATTRIBUTE 'Distance to instrument 10 (Cello), style 1' NUMERIC
@ATTRIBUTE 'Distance to instrument 10 (Cello), style 2' NUMERIC
@ATTRIBUTE 'Distance to instrument 10 (Cello), style 3' NUMERIC
@ATTRIBUTE 'Distance to instrument 10 (Cello), style 4' NUMERIC
@ATTRIBUTE 'Distance to instrument 10 (Cello), style 5' NUMERIC
@ATTRIBUTE 'Distance to instrument 10 (Cello), style 8' NUMERIC
@ATTRIBUTE 'Distance to instrument 12 (Clarinet), style 1' NUMERIC
@ATTRIBUTE 'Distance to instrument 12 (Clarinet), style 2' NUMERIC
@ATTRIBUTE 'Distance to instrument 15 (DallapeAccordion), style 1' NUMERIC
@ATTRIBUTE 'Distance to instrument 16 (Dilruba), style 1' NUMERIC
@ATTRIBUTE 'Distance to instrument 17 (Domra), style 1' NUMERIC
@ATTRIBUTE 'Distance to instrument 19 (DungDkarTrumpet), style 1' NUMERIC
@ATTRIBUTE 'Distance to instrument 23 (ElectricPiano), style 1' NUMERIC
@ATTRIBUTE 'Distance to instrument 23 (ElectricPiano), style 2' NUMERIC
@ATTRIBUTE 'Distance to instrument 23 (ElectricPiano), style 3' NUMERIC
@ATTRIBUTE 'Distance to instrument 23 (ElectricPiano), style 4' NUMERIC
@ATTRIBUTE 'Distance to instrument 23 (ElectricPiano), style 5' NUMERIC
@ATTRIBUTE 'Distance to instrument 23 (ElectricPiano), style 6' NUMERIC
@ATTRIBUTE 'Distance to instrument 24 (Erhu), style 1' NUMERIC
@ATTRIBUTE 'Distance to instrument 25 (Flute), style 1' NUMERIC
@ATTRIBUTE 'Distance to instrument 25 (Flute), style 2' NUMERIC
@ATTRIBUTE 'Distance to instrument 25 (Flute), style 3' NUMERIC
@ATTRIBUTE 'Distance to instrument 25 (Flute), style 4' NUMERIC
@ATTRIBUTE 'Distance to instrument 25 (Flute), style 5' NUMERIC
@ATTRIBUTE 'Distance to instrument 25 (Flute), style 6' NUMERIC
@ATTRIBUTE 'Distance to instrument 25 (Flute), style 7' NUMERIC
@ATTRIBUTE 'Distance to instrument 25 (Flute), style 8' NUMERIC
@ATTRIBUTE 'Distance to instrument 26 (Fujara), style 1' NUMERIC
@ATTRIBUTE 'Distance to instrument 27 (Horn), style 1' NUMERIC
@ATTRIBUTE 'Distance to instrument 27 (Horn), style 3' NUMERIC
@ATTRIBUTE 'Distance to instrument 28 (JinghuOperaViolin), style 1' NUMERIC
@ATTRIBUTE 'Distance to instrument 29 (Kantele), style 1' NUMERIC
@ATTRIBUTE 'Distance to instrument 30 (Melodica), style 1' NUMERIC
@ATTRIBUTE 'Distance to instrument 31 (MorinKhuurViolin), style 1' NUMERIC
@ATTRIBUTE 'Distance to instrument 32 (Oboe), style 1' NUMERIC
@ATTRIBUTE 'Distance to instrument 32 (Oboe), style 2' NUMERIC
@ATTRIBUTE 'Distance to instrument 34 (Organ), style 1' NUMERIC
@ATTRIBUTE 'Distance to instrument 34 (Organ), style 2' NUMERIC
@ATTRIBUTE 'Distance to instrument 34 (Organ), style 3' NUMERIC
@ATTRIBUTE 'Distance to instrument 34 (Organ), style 4' NUMERIC
@ATTRIBUTE 'Distance to instrument 34 (Organ), style 5' NUMERIC
@ATTRIBUTE 'Distance to instrument 34 (Organ), style 6' NUMERIC
@ATTRIBUTE 'Distance to instrument 36 (Piano), style 1' NUMERIC
@ATTRIBUTE 'Distance to instrument 36 (Piano), style 2' NUMERIC
@ATTRIBUTE 'Distance to instrument 36 (Piano), style 3' NUMERIC
@ATTRIBUTE 'Distance to instrument 36 (Piano), style 4' NUMERIC
@ATTRIBUTE 'Distance to instrument 36 (Piano), style 5' NUMERIC
@ATTRIBUTE 'Distance to instrument 36 (Piano), style 6' NUMERIC
@ATTRIBUTE 'Distance to instrument 36 (Piano), style 7' NUMERIC
@ATTRIBUTE 'Distance to instrument 36 (Piano), style 8' NUMERIC
@ATTRIBUTE 'Distance to instrument 36 (Piano), style 9' NUMERIC
@ATTRIBUTE 'Distance to instrument 36 (Piano), style 10' NUMERIC
@ATTRIBUTE 'Distance to instrument 36 (Piano), style 11' NUMERIC
@ATTRIBUTE 'Distance to instrument 37 (Pinkillo), style 1' NUMERIC
@ATTRIBUTE 'Distance to instrument 38 (PivanaFlute), style 1' NUMERIC
@ATTRIBUTE 'Distance to instrument 39 (Saxophone), style 1' NUMERIC
@ATTRIBUTE 'Distance to instrument 39 (Saxophone), style 3' NUMERIC
@ATTRIBUTE 'Distance to instrument 39 (Saxophone), style 4' NUMERIC
@ATTRIBUTE 'Distance to instrument 41 (Shakuhachi), style 1' NUMERIC
@ATTRIBUTE 'Distance to instrument 42 (Sitar), style 1' NUMERIC
@ATTRIBUTE 'Distance to instrument 45 (Trombone), style 4' NUMERIC
@ATTRIBUTE 'Distance to instrument 46 (Trumpet), style 1' NUMERIC
@ATTRIBUTE 'Distance to instrument 46 (Trumpet), style 2' NUMERIC
@ATTRIBUTE 'Distance to instrument 46 (Trumpet), style 3' NUMERIC
@ATTRIBUTE 'Distance to instrument 46 (Trumpet), style 4' NUMERIC
@ATTRIBUTE 'Distance to instrument 46 (Trumpet), style 5' NUMERIC
@ATTRIBUTE 'Distance to instrument 46 (Trumpet), style 6' NUMERIC
@ATTRIBUTE 'Distance to instrument 46 (Trumpet), style 7' NUMERIC
@ATTRIBUTE 'Distance to instrument 46 (Trumpet), style 8' NUMERIC
@ATTRIBUTE 'Distance to instrument 46 (Trumpet), style 9' NUMERIC
@ATTRIBUTE 'Distance to instrument 46 (Trumpet), style 10' NUMERIC
@ATTRIBUTE 'Distance to instrument 49 (Ukulele), style 1' NUMERIC
@ATTRIBUTE 'Distance to instrument 50 (Viola), style 1' NUMERIC
@ATTRIBUTE 'Distance to instrument 50 (Viola), style 2' NUMERIC
@ATTRIBUTE 'Distance to instrument 50 (Viola), style 3' NUMERIC
@ATTRIBUTE 'Distance to instrument 50 (Viola), style 4' NUMERIC
@ATTRIBUTE 'Distance to instrument 50 (Viola), style 5' NUMERIC
@ATTRIBUTE 'Distance to instrument 50 (Viola), style 6' NUMERIC
@ATTRIBUTE 'Distance to instrument 50 (Viola), style 7' NUMERIC
@ATTRIBUTE 'Distance to instrument 50 (Viola), style 8' NUMERIC
@ATTRIBUTE 'Distance to instrument 50 (Viola), style 9' NUMERIC
@ATTRIBUTE 'Distance to instrument 51 (Violin), style 1' NUMERIC
@ATTRIBUTE 'Distance to instrument 51 (Violin), style 2' NUMERIC
@ATTRIBUTE 'Distance to instrument 51 (Violin), style 3' NUMERIC
@ATTRIBUTE 'Distance to instrument 51 (Violin), style 4' NUMERIC
@ATTRIBUTE 'Distance to instrument 51 (Violin), style 5' NUMERIC
@ATTRIBUTE 'Distance to instrument 51 (Violin), style 6' NUMERIC
@ATTRIBUTE 'Distance to instrument 51 (Violin), style 7' NUMERIC
@ATTRIBUTE 'Distance to instrument 51 (Violin), style 8' NUMERIC
@ATTRIBUTE 'Distance to instrument 51 (Violin), style 9' NUMERIC
@ATTRIBUTE 'Distance to instrument 51 (Violin), style 10' NUMERIC
@ATTRIBUTE 'Distance to instrument 52 (Flugelhorn), style 1' NUMERIC

@DATA
3,'Bandura',1,0.0,0.11119130732993933,0.047235508000588504,0.03148165839316747,0.019238776076082004,0.026059376925546288,0.035451294585055054,0.00490672472419884,0.009412015872840476,0.026426187973624327,0.015885609466932186,0.04244408816148468,0.06696125604920518,0.02571927149834104,0.06925879078749518,0.04253229599257399,0.042800583313648305,0.09539943303264214,0.06122972557181374,0.03121788675736599,0.05197554693252707,0.051127091944680535,0.017654959672653542,0.020511865707443913,0.014128464290046801,0.018646150778563072,0.01564164683479408,0.019507560696635656,0.008184984984835915,0.004140910294675149,0.028807094643362428,0.017219041476030504,0.015619176265015371,0.016879185541562713,0.06498523154934849,0.029584811892778822,0.03721502145075147,0.02237621658700899,0.01726457079899095,0.01226126584103001,0.011929778709230546,0.008742454197961332,0.008483192801204709,0.025254387726214505,0.02809701768080605,0.016084146062919892,0.08947832619785095,0.09218605643732321,0.07525482643977376,0.13710889750749852,0.18317652468323797,0.037566368324126936,0.04503028571420784,0.049761833017968576,0.0415877188233822,0.03534174594874219,0.04851884783179675,0.006135408638751803,0.008768402113243276,0.04943445782823022,0.020298741873625136,0.018237707838816872,0.02456903426884198,0.07773435153303351,0.022206596294640363,0.03714092445392222,0.02401241190747022,0.00887996296844918,0.035279261296577095,0.037812129570197334,0.09012290872122287,0.08160872340141188,0.032780462679312665,0.010474168438620937,0.020297489462625325,0.09680808147169896,0.004020964134753192,0.0414095745758627,0.008349468256621043,0.010524738246232247,0.0050495966964374415,0.04567611997893467,0.02775667791296528,0.03085366457331652,0.06229978183018383,0.007136131712842567,0.004484025205007322,0.03277223373635121,0.020602325845959984,0.029076742110665244,0.011093012177413675,0.08805320545489119,0.0398392963513526,0.04626031513585413,0.051684283678972466,0.007352480668483759
4,'BanjoFramus',1,0.11119130732993933,0.0,0.06395579932935083,0.09573978497179374,0.1042782140254624,0.08520603431388236,0.07581076888766163,0.11093566859759461,0.10891771515244293,0.08772990458648854,0.11429464145510455,0.15359169550111204,0.044448524731952654,0.10288701331281996,0.041979768498163615,0.06865901133736534,0.06840691532009154,0.1299426284748971,0.05003323565664763,0.08002509227441,0.1178444235119358,0.0601036493056783,0.09389449355925084,0.13137432710657648,0.1249909256891794,0.12163014527750671,0.1125339674970673,0.09168374663330368,0.11556534239880156,0.11521346738115514,0.1222814147152698,0.11416967356051934,0.12648163766414797,0.09851716973724778,0.058799316116847446,0.09281622792841941,0.07510653122435916,0.08985918804324812,0.12302700043808897,0.09966302244962334,0.09978458970729666,0.10542670507071207,0.1056816095657019,0.08943229664119699,0.08407477233171441,0.10278185684671227,0.2003407875969835,0.2030485178364558,0.13850224816005235,0.2479713589066311,0.2940389860823705,0.10079778435976751,0.06623858040338655,0.061496470925273224,0.0696774951202331,0.07591081959352464,0.06274559852699381,0.11732671596869111,0.11214541341878777,0.06181563463523904,0.10695583924003686,0.0964295277271175,0.08749852618490189,0.03351829556524086,0.09172452185049838,0.14800338585305475,0.130171212140333,0.11974242436758176,0.09257794141643604,0.14871879293986914,0.029100525565290625,0.059255862833567874,0.08559904996478808,0.10271644209213344,0.09099638458783071,0.014387389833879924,0.11492353740557411,0.1508307515155832,0.11921192965575361,0.1125239053199286,0.11506195887112465,0.13032160872831045,0.12427442157907836,0.0808867457433418,0.048891525499755506,0.10867748153396306,0.11377121762594596,0.14363469513548377,0.09121994503788926,0.11760566338210364,0.10400485339208415,0.19891566685402373,0.07198383782213781,0.06642586242252675,0.05950702365096686,0.11207962028362854
5,'Banjolin',1,0.047235508000588504,0.06395579932935083,0.0,0.03209623756694914,0.040322414696111586,0.021271677969021255,0.01704596201709833,0.04697986926824377,0.044983358807581815,0.0237741052571377,0.050338842125753736,0.08963589617176121,0.0606686440523539,0.038931213983469125,0.022023282786906673,0.02901908845903824,0.004472558975230413,0.09579497039554563,0.013994217571225232,0.016090735929548874,0.05391006716707469,0.0038915839440920356,0.029938694229900004,0.06743997076171536,0.061056569344318246,0.05769578893264558,0.04859961115220617,0.02772794730395285,0.05163098605394045,0.051257668051804296,0.05832561538591897,0.05021387423116852,0.06254728131928682,0.03456137040789695,0.06568817185856901,0.028881871583558292,0.03781483439968187,0.0259033887138973,0.05909264409322784,0.03570722312027251,0.03582879037794583,0.041470905741361246,0.04172773888294068,0.025476497311846157,0.020118973002363583,0.038826057517361436,0.1364064312521224,0.1391141614915947,0.07455188613055323,0.18403700256177,0.23010462973750942,0.036863428014906406,0.002304224058525436,0.0025263250173800755,0.005743138775371969,0.011976463248663515,0.011865350413218801,0.0533709166393403,0.04818961408943694,0.04952778173696495,0.043000039910686016,0.03247372839776667,0.024964571631745463,0.05166286469646612,0.027768722521147555,0.08406902950819367,0.0662368557954719,0.055808068022720626,0.03567479865948057,0.08476299361051831,0.09051844608412635,0.08200426076431537,0.03317600004221615,0.03878208574727233,0.027040585258479882,0.049572573471110465,0.05096773807622329,0.08689639517072206,0.05527757331089248,0.048589548975067474,0.05112760252626355,0.06638725238344932,0.06034006523421725,0.01693094641399098,0.04578118620953206,0.04473270807561633,0.04983686128108483,0.07970033879062266,0.027264145708538422,0.053671307037242516,0.04004905406273332,0.13498131050916262,0.020154907316311265,0.023981738132471186,0.04634277693684674,0.04814526393876744
9,'Bouzouki',1,0.03148165839316747,0.09573978497179374,0.03209623756694914,0.0,0.01244654129276782,0.011846607617813606,0.01999977222690946,0.026620845222449004,0.022391966144592202,0.020737702607540594,0.018765321133743462,0.0578519105293183,0.05159809482649846,0.007186159552124108,0.053807268429349575,0.027080773634428398,0.03656879654217955,0.06391777463947468,0.045778203213668135,0.04818697349649801,0.02234512333550998,0.03567556958653494,0.015780041731429266,0.03587502693015065,0.04158873824431378,0.05003944803629168,0.047034944092522686,0.031386948080680814,0.03957828224256452,0.03076040232511251,0.026631999470358447,0.018493704442278398,0.030982337487722108,0.019338339925420382,0.03706685927776623,0.060978109150507435,0.02063325374743458,0.017973513982357428,0.027527700261663127,0.028139645304594476,0.028685024777454923,0.0402241125911288,0.023219436049430563,0.01736529196840303,0.013838072210323982,0.04756580445608736,0.1048414874205577,0.10754921766002996,0.10664812369750237,0.15247205873020528,0.19853968590594473,0.06895966558185555,0.034400461625474575,0.03431031065982298,0.03783937634232111,0.04407270081561265,0.033067325473651155,0.025899896366049432,0.023013009013967505,0.03398293547008462,0.011670037538922165,0.013338298311284717,0.008241387465493265,0.06228282917488792,0.025349694780789616,0.05250408567662895,0.05540570916519883,0.033757685154308145,0.003797602903409624,0.05317529079290407,0.06667715954801103,0.05012706500824441,0.010206009161970123,0.021311993135648338,0.0285811599749774,0.08135655911355337,0.030519955715518864,0.055331451339157345,0.026193802515327647,0.021266201868373885,0.02674455343719946,0.0348223085518846,0.028775121402652527,0.017597982834384882,0.046848259472038224,0.038529428970571176,0.027323070231408092,0.04813539495905794,0.02118736376894333,0.02210636320567781,0.04257467057058115,0.1034163666775979,0.024476135128645864,0.03089715391314739,0.036232761320826874,0.024416239898139503
10,'Cello',1,0.019238776076082004,0.1042782140254624,0.040322414696111586,0.01244654129276782,0.0,0.019146283621069373,0.02853820128057814,0.014332051351883165,0.009945424851824385,0.01980511478026863,0.010023233104392426,0.04931348147564962,0.060340182855849495,0.006645223186843501,0.06234569748301825,0.03564349456975596,0.03588749000917139,0.07616065695656014,0.054316632267336816,0.035740432203730195,0.03273677085644506,0.04421399864020362,0.011033886479297844,0.02713293890079961,0.02914219695154596,0.03759290674352386,0.034588402799754864,0.019144065763595345,0.027131740949796705,0.018487130900006553,0.01800320068980739,0.009891459535056933,0.02224024945837107,0.010258112348207013,0.04603847558438769,0.048531567857739606,0.029360575551934345,0.015755143393653293,0.01878561223231209,0.01589676298750901,0.016442142460369458,0.027981230274043336,0.010772894756662743,0.018633314532858804,0.021475944487450344,0.03532292213900189,0.09609939939120665,0.0988071296306789,0.09420158240473454,0.14372997070085422,0.18979759787659367,0.056513124289087724,0.03811719240973093,0.04284873971349166,0.03467462551890529,0.03162615952284483,0.041605754527319835,0.013657014048963969,0.010770126696882043,0.042521364523753304,0.0026776252145744323,0.008235054166400248,0.016779816519161946,0.0708212582285566,0.015585523101284667,0.043761997647277916,0.042959167872431016,0.021311143861540326,0.016040485220495088,0.044440578914406725,0.07521558860167969,0.062369947325329876,0.018744438215638804,0.008865451842880519,0.016338277657891937,0.08989498816722206,0.018076700474753862,0.046589363309806314,0.01497054144997674,0.008819660575606063,0.014298012144431639,0.02643734390285267,0.020033033373301496,0.02423259137996082,0.05553960985744021,0.026082887677803354,0.01487652893864027,0.039393306929706905,0.013981252652604283,0.01336427517632677,0.03033178825349568,0.09467427864824686,0.033218223157996905,0.03963924194249843,0.044800226854736745,0.011969698605371684
10,'Cello',2,0.026059376925546288,0.08520603431388236,0.021271677969021255,0.011846607617813606,0.019146283621069373,0.0,0.009395265426220743,0.025803738193201555,0.023711680838560557,0.009205683694584221,0.029162711050711516,0.06845976509671899,0.041304828963954994,0.01775508290842691,0.04322626581571876,0.016608140677861465,0.024780101530054773,0.07547990597799681,0.035172798657234744,0.036362798086337085,0.032690395851220876,0.02510238500820407,0.008762563154857789,0.046168292792694104,0.039834883707919606,0.038255687862906,0.035188336474709085,0.019854929167724435,0.030359308084919195,0.030081536976762083,0.03714948431087676,0.0290377431561263,0.041277553082310674,0.013385239332854739,0.04543854190943348,0.04914154943290949,0.01756520445054634,0.006441495069401056,0.037844912274141995,0.0166076263916381,0.01715300586449855,0.028692093678172426,0.020549679161308853,0.005833273055446658,0.0024405905955558536,0.03603378554313099,0.11514528309346916,0.11784248352257343,0.09489162567381611,0.16276532459274873,0.20883295176848815,0.057157128840925275,0.022553854007660967,0.023709563388609148,0.02599296602032088,0.032238938894960885,0.022460435786888555,0.03219478556429809,0.027013483014394723,0.029197923669809764,0.021823908835643807,0.011297597322724458,0.0046933700195187856,0.051687738748641514,0.013817675867833239,0.0628240314499257,0.044970458727813904,0.034544710884924494,0.015424232645685538,0.06358686253547609,0.07020947300899319,0.061659083921200786,0.012839652953626433,0.017520493302006498,0.017049141062021027,0.07081864448000245,0.02979160700118108,0.06562471720170081,0.034010816151135,0.027323177989464792,0.02985802152163009,0.045156385720826094,0.03909100396559043,0.0060659639214285105,0.03650425596554572,0.02676734237573249,0.02856518331206358,0.05845884299417187,0.00965534485598696,0.03241052609543659,0.031042651657624775,0.11371595789946032,0.014182869266102405,0.020603888050603935,0.026093146987711213,0.026901112501147618
10,'Cello',3,0.035451294585055054,0.07581076888766163,0.01704596201709833,0.01999977222690946,0.02853820128057814,0.009395265426220743,0.0,0.03519565585271032,0.0331069462647813,0.011989891841604254,0.038554628710220286,0.07785168275622777,0.04371488116252264,0.027147000567935675,0.033831000389498024,0.012065325569206977,0.021480886704038527,0.07877577303730107,0.025778430986758676,0.03306358326032085,0.04208231351072964,0.01570711958198333,0.018154480814366557,0.055563558218914844,0.04922680136742837,0.045878876067561025,0.036723198609405656,0.016555714341708192,0.03975457351113994,0.039473454636270854,0.04654140197038553,0.03842966081563507,0.05067086877648631,0.022777156992363507,0.04873440896873774,0.04584233460689325,0.020861071509850605,0.014119175298363852,0.04723682993365077,0.023923009704739068,0.024044576962412384,0.029686692325827796,0.02994159682081762,0.013692283896312711,0.008334759586830139,0.03273457071711475,0.12453720075297792,0.12723774894879417,0.09159241084779986,0.17216059001896947,0.21822821719470895,0.053857914014909025,0.0192579869483567,0.014519636999718255,0.02269690166520323,0.02893972406894464,0.013067553246741697,0.04158670322380686,0.03640540067390349,0.032493790729114035,0.03121582649515257,0.020689514982233228,0.011758384761416196,0.042292473322420775,0.015984509105614105,0.07221594910943448,0.054362376387322664,0.04393662854443326,0.018720099704989807,0.07297878019498487,0.07350534006829747,0.06495829874721702,0.016135520012930702,0.026912410961515268,0.015256371842946438,0.06142337905378171,0.03918352466068985,0.07501998262792155,0.043402733810643766,0.036715095648973566,0.03925118998346303,0.05454830338033486,0.0484829216250992,0.005146732998457532,0.028827423319700795,0.03293746878907877,0.03796044873828432,0.06785076065368063,0.015479932293004978,0.04180244375494536,0.028264840647199873,0.12310787555896908,0.004787603839881663,0.011208622624383194,0.02938901404701548,0.03629303016065639
10,'Cello',4,0.00490672472419884,0.11093566859759461,0.04697986926824377,0.026620845222449004,0.014332051351883165,0.025803738193201555,0.03519565585271032,0.0,0.004505291148641636,0.02630482193019883,0.010978884742733347,0.04265602690351744,0.06683989000577968,0.020819527116524683,0.06900315205515044,0.04227665726022926,0.04254494458130357,0.0904927083084433,0.060974086839469,0.030962248025021257,0.047068822208328226,0.050871453212335806,0.017533593629228045,0.02063323175086941,0.014967893021864775,0.02341860281384268,0.020414098870073685,0.01930209946563026,0.012957437020115523,0.004277798783560533,0.023900369919163587,0.012312316751831663,0.01574054230844087,0.016757819498137212,0.06021277951406887,0.03435726392805843,0.03586028270186454,0.022254850543583494,0.01235784607479211,0.012139899797604511,0.011808412665805049,0.01364917892216017,0.005254059031892702,0.025133021682789008,0.027975651637380545,0.02099087078711873,0.08959969224127645,0.0923074224807487,0.08002727847505337,0.13723026355092402,0.18329789072666347,0.04233882035940654,0.04477464698186311,0.04950619428562384,0.04133208009103747,0.03508610721639746,0.04826320909945201,0.006391047371096537,0.003995950077963669,0.049178819095885486,0.01552628983834553,0.014734761316330449,0.023437271091294124,0.07747871280068878,0.022085230251214866,0.037262290497347715,0.02878486394274983,0.009001329011874679,0.03037253657237825,0.03793349561362284,0.08521618399702403,0.07670199867721304,0.02787373795511383,0.008283244891195056,0.02017612341919983,0.09655244273935425,0.00414233017817869,0.040089656159876114,0.00847083430004654,0.005618013522033405,0.004320863515417595,0.04076939525473584,0.022849953188766443,0.03073229852989102,0.062044143097839094,0.01190858374812217,0.0030301222702388865,0.032893599779776704,0.020480959802534483,0.024170017386466403,0.015999736901612518,0.08817457149831666,0.039717930307927106,0.04613894909242863,0.05142864494662774,0.002445755944284918
10,'Cello',5,0.009412015872840476,0.10891771515244293,0.044983358807581815,0.022391966144592202,0.009945424851824385,0.023711680838560557,0.0331069462647813,0.004505291148641636,0.0,0.0244814417269347,0.0065854525679242834,0.04475581917756641,0.06501650980251555,0.016590648038667884,0.06693794665427932,0.04031982151642202,0.0405107998323514,0.08602526450477539,0.058884479495795304,0.02889262287803294,0.04262327263226201,0.04881406584676463,0.015710213425963907,0.022456611954133548,0.019254499351752167,0.02771806425553538,0.02464764353043769,0.017478719262366122,0.01719026649851847,0.008660370696765025,0.019627032667904786,0.008065533373902452,0.017573607163158096,0.014934439294873078,0.055983900436212077,0.03860392582553887,0.03403690249860041,0.02043147034031936,0.014140966354989412,0.010316519594340377,0.009985032462540915,0.018154470070801808,0.003255619924641139,0.023309641479524867,0.026152271434116414,0.025496161935760365,0.09144133717431659,0.09413080268401286,0.08435400206644549,0.13905499609803262,0.1851212709299276,0.04661950523355465,0.04267913474905638,0.04742124422716971,0.039240220032209845,0.0330068955589183,0.046172116625449115,0.008490839645145508,0.003309537095242144,0.04710208051720388,0.011297410760488734,0.012911381113066315,0.021419188967541036,0.07539941958720207,0.020261850047950735,0.039120085530773126,0.033026758841377866,0.011381774760349043,0.025969591172464137,0.03988291661632352,0.0807548315357718,0.07220130339764386,0.023385011480405032,0.006201273060309486,0.018352743215935694,0.09453032531856302,0.008249940271512332,0.04191377949914058,0.01030687023198242,0.003619232070312213,0.00615407560247751,0.03631265033190021,0.01837501365992723,0.028908918326626887,0.06021593680410628,0.016229718768361875,0.0049311040868158865,0.03475489707501928,0.01865757959927035,0.019683358184448076,0.020505028050254153,0.09001201198030773,0.037894550104662965,0.04431556888916449,0.04947655380140281,0.003197166581995037
10,'Cello',8,0.026426187973624327,0.08772990458648854,0.0237741052571377,0.020737702607540594,0.01980511478026863,0.009205683694584221,0.011989891841604254,0.02630482193019883,0.0244814417269347,0.0,0.029828347884661058,0.068870276135109,0.04900327450628799,0.018249186303041703,0.045797388044044374,0.01907089324912319,0.0193391805701975,0.08465547724701526,0.037768322828362934,0.03050241725456981,0.04123159114690019,0.027665689201229735,0.008771228300970789,0.04693805368106824,0.04055465226367113,0.03719387185199846,0.02935038785059449,0.013698125890893644,0.03112906897329333,0.03056709826829948,0.037695026221276046,0.029556731193195993,0.0420453642386397,0.010787265150759255,0.05420324647634054,0.043293552908579225,0.0264710656651246,0.0040499713866153355,0.038590727012580726,0.014164922132594321,0.014496409264393781,0.022168766936182416,0.02122582180229356,0.0039030024464361923,0.00689963039721661,0.02901289647990843,0.11590451417147529,0.11861224441094755,0.08896356745557417,0.16353508548112286,0.20960271265686228,0.05127510933992734,0.021568882970757042,0.026300430274517773,0.020154820100392906,0.026388144573684453,0.025057445088345953,0.03201901984514637,0.027080541328429453,0.03838828858843459,0.021703598864342016,0.011570060613868382,0.013825078483215104,0.05427294878958272,0.004836966588223129,0.06356711242754655,0.04573493871482478,0.03530615094207351,0.024535305510950216,0.06423831754382166,0.07937895293559599,0.070864767615785,0.022036506893685793,0.01828016866662521,0.010705675877093626,0.07334667872824817,0.03044715210837752,0.06639447809007494,0.03477565623024537,0.02808763189442036,0.03062568544561643,0.0458853353028022,0.039838148153570126,0.006843158843146722,0.03883837908673302,0.02423079099496921,0.02933494420043772,0.059198421709975545,0.005823862127664348,0.0331693899565954,0.024529813645738936,0.1144793934285155,0.015746066764350714,0.021304042163961773,0.035158864472879366,0.02764334685812032
12,'Clarinet',1,0.015885609466932186,0.11429464145510455,0.050338842125753736,0.018765321133743462,0.010023233104392426,0.029162711050711516,0.038554628710220286,0.010978884742733347,0.0065854525679242834,0.029828347884661058,0.0,0.039297054046007474,0.07036341596024191,0.011579161581619354,0.0723621249126604,0.04566672767414839,0.04590391743881354,0.07951382356570995,0.06433305969697896,0.03432122088253122,0.03608993746559488,0.054230426069845766,0.021057119583690272,0.017109705796407183,0.025782224667645858,0.034232934459623755,0.031228430515854767,0.022825625420092487,0.023771768665896604,0.015133964290856734,0.0130415800999805,0.0014800808059781696,0.012217016353978644,0.02028134545259944,0.05583218041150969,0.04517159557383951,0.03938380865632677,0.025778376498045725,0.008762379127919663,0.015663425752066737,0.015331938620267277,0.024628063664893517,0.008613031889402665,0.02865654763725123,0.03149917759184278,0.031969755529852074,0.08607616628681423,0.08878389652628649,0.09084161012083446,0.1337067375964618,0.17977436477220124,0.053153152005187616,0.04813361983937307,0.05286516714313381,0.04469105294854742,0.03844508007390742,0.05162218195696198,0.01030384743981415,0.007416960087732224,0.05253779195339545,0.008124749020319044,0.018258287270792675,0.026796243948804088,0.08083768565819875,0.025608756205677097,0.03373876454288549,0.039599195588530915,0.017951171577640226,0.021716700038668536,0.034424151484764576,0.08523201603132184,0.0657231139344797,0.02876086564528095,0.011642217748705018,0.023699649373662052,0.09991141559686419,0.014723533865604044,0.03656613020541388,0.010387288938659728,0.005459688291705962,0.01093803986053154,0.029790510512002488,0.011871068446033096,0.03425582448435325,0.06556284296183264,0.022722915393903254,0.01151655665474017,0.02937007382531448,0.024004485756996707,0.01319113264373306,0.026978621644345863,0.08465104554385444,0.04324145626238932,0.049662475046890864,0.05482345995912918,0.008609726321471584
12,'Clarinet',2,0.04244408816148468,0.15359169550111204,0.08963589617176121,0.0578519105293183,0.04931348147564962,0.06845976509671899,0.07785168275622777,0.04265602690351744,0.04475581917756641,0.068870276135109,0.039297054046007474,0.0,0.10940534421068986,0.050704682188292084,0.11165917895866788,0.0849326841637467,0.08520097148482102,0.06985359509434828,0.10363011374298643,0.07361827492853869,0.03576936924549811,0.09352748011585325,0.06009904783413822,0.02230169301771806,0.03569757893456705,0.04414828872654495,0.04114378478277596,0.06190794886780835,0.03810424153066163,0.038378228119956906,0.03131028078584223,0.03942202194059269,0.027182212014408316,0.05932327370304739,0.09487410866195763,0.06083952358196629,0.07848516427675288,0.06482030474849367,0.030614852822576994,0.05470535400251469,0.05437386687071522,0.04849111869829126,0.047910085935410136,0.06769847588769919,0.07054110584229073,0.05163352924352361,0.04703423803636627,0.049741968275838544,0.10075696438775565,0.09466480934601385,0.1407324365217533,0.06306850627210882,0.08743067388538055,0.09216222118914129,0.0839881069945549,0.07774213411991489,0.09091923600296946,0.03685125628996264,0.04178973480667955,0.09183484599940293,0.04716667727076699,0.05730021552124063,0.06609329799481156,0.12013473970420623,0.06465068445612504,0.021923375237360942,0.04951454985545211,0.03391505421179449,0.061013754084676,0.023533784344272834,0.12452907007732932,0.09441307562736902,0.06805791969128842,0.05093927179471249,0.06274157762411002,0.13920846964287167,0.03866815809553791,0.015863736637568845,0.034448948945583986,0.0411365871072542,0.0386017435750889,0.023303379375892896,0.029368761131128556,0.0732977527348012,0.10470017000135652,0.04491421396714899,0.03990543012304612,0.02135188636000489,0.06304641400744466,0.0360492390012824,0.04990248164681501,0.053830985530426666,0.08228338451283729,0.08870440329733881,0.09408467185014519,0.04155865259557137
15,'DallapeAccordion',1,0.06696125604920518,0.044448524731952654,0.0606686440523539,0.05159809482649846,0.060340182855849495,0.041304828963954994,0.04371488116252264,0.06683989000577968,0.06501650980251555,0.04900327450628799,0.07036341596024191,0.10940534421068986,0.0,0.05878425437862256,0.03871405620565639,0.031649555593315656,0.06514120302758432,0.08604142312496971,0.04676752336414041,0.07675937998190277,0.07394321816200843,0.05683793701317108,0.04944596882729818,0.0874731217566491,0.08108972033925199,0.07861185452169643,0.07560735057792745,0.059955088618226605,0.07166413704887419,0.07110216634388034,0.0782300942968569,0.07009179926877686,0.08258043231422056,0.05406864500529513,0.014531235548732228,0.0895505156359122,0.030979607303915146,0.04623908588110482,0.07912579508816157,0.05640521720334187,0.056950596676202316,0.06848968448987619,0.06176088987787442,0.04563086386715043,0.04210364410907138,0.07583137635483475,0.15643958224705612,0.15914731248652841,0.13522053018290714,0.2040701535567037,0.25013778073244314,0.09753207206726029,0.06297286811087933,0.05823075863276601,0.06641178282772588,0.07264510730101742,0.04889787565247605,0.07287819123673848,0.06769688868683511,0.01791442928531167,0.0625073145080842,0.05210512868944924,0.04359732083497452,0.010991568935046837,0.053615266679537005,0.1041021805031274,0.08627000679040563,0.07584121901765437,0.048656229146678436,0.10477338561940253,0.030375678429308006,0.02186149310949702,0.0416978446148607,0.05881523674220607,0.056962638604426595,0.030065298873712287,0.07098222018395837,0.1069295461656558,0.07531072430582623,0.06862269997000121,0.07116075352119729,0.08642040337838304,0.08037321622915099,0.04586355473313228,0.014887457842821842,0.06710183545597594,0.06987001227601858,0.09973348978555639,0.04945293566769073,0.07370445803217625,0.07084024246932853,0.15501446150409637,0.04092709012837521,0.03796330269710576,0.01553995600111274,0.06817841493370118
16,'Dilruba',1,0.02571927149834104,0.10288701331281996,0.038931213983469125,0.007186159552124108,0.006645223186843501,0.01775508290842691,0.027147000567935675,0.020819527116524683,0.016590648038667884,0.018249186303041703,0.011579161581619354,0.050704682188292084,0.05878425437862256,0.0,0.060954496770375795,0.034228001975454614,0.034496289296528926,0.06968016153430111,0.05292543155469435,0.0423856553905737,0.026256275434186026,0.04282279792756116,0.010017654836602836,0.028688867378026537,0.03578742013838946,0.04423812993036736,0.041233625986598375,0.025624561185854378,0.033776964136640206,0.024967626322265585,0.01944583991823434,0.011307544890154292,0.023796177935598,0.013575953030593953,0.044253018829890335,0.05517679104458312,0.027804647074707412,0.014199214916426367,0.02034154070953902,0.022377258409768046,0.022922637882628494,0.03446172569630237,0.017418117943506242,0.017077386055631874,0.019920016010223418,0.041803417561260936,0.09765532786843358,0.10036305810790584,0.10084680559157805,0.14528589917808113,0.1913535263538206,0.06315834747593123,0.03672599169708846,0.0414575390008492,0.03328342480626282,0.038271382709688335,0.040214553814677374,0.020137509471223003,0.017250622119141076,0.04113016381111084,0.0059076506440957355,0.007575911416458286,0.015388615806519483,0.06943005751591415,0.01958730788596318,0.04531792612450484,0.04960439105927452,0.027956367048383824,0.010309071896383927,0.04598913124077997,0.07382438788903724,0.05588945190307084,0.017353237502996343,0.015510675029724022,0.02281877308015097,0.0885037874545796,0.024718637609594547,0.048145291787033244,0.02039248440940333,0.015464883762449566,0.02094323533127514,0.027636148999760492,0.021588961850528426,0.02267666290273389,0.05399548781306445,0.03272811086464686,0.02152175212548377,0.040949235406933834,0.015424976874116904,0.014920203653553699,0.03681228367575471,0.09623020712547381,0.03166229468076997,0.0380833134652715,0.0433799896618531,0.018614921792215185
17,'Domra',1,0.06925879078749518,0.041979768498163615,0.022023282786906673,0.053807268429349575,0.06234569748301825,0.04322626581571876,0.033831000389498024,0.06900315205515044,0.06693794665427932,0.045797388044044374,0.0723621249126604,0.11165917895866788,0.03871405620565639,0.060954496770375795,0.0,0.026726494794921184,0.026458207473846865,0.08796612044852936,0.00805346715848402,0.038045323776246386,0.07588980971316976,0.018131698842814636,0.05196197701680668,0.08939455860841287,0.0830342975698685,0.07968637227000114,0.07055419899890368,0.04975123009085952,0.07358557390063795,0.07328095083871096,0.08034889817282564,0.07223715701807519,0.08450186916598433,0.05658465319480362,0.0437335840118715,0.050836459430255804,0.033174014681915,0.047926671500803965,0.08104723193992536,0.05773050590717918,0.0578520731648525,0.06349418852826792,0.06374909302325774,0.04749978009875283,0.04214225578927026,0.06084934030426811,0.15836101909881992,0.16106874933829218,0.09656973161760819,0.20599159040846748,0.2520592175842069,0.05883523478471737,0.024258811905222943,0.019516702427109615,0.027697726622069475,0.03393105109536102,0.020765830028830205,0.07539419942624698,0.0702128968763436,0.027504498950058274,0.06502332269759269,0.054497011184673344,0.04556588096385631,0.02963958190955945,0.04979200530805422,0.10602361735489119,0.08819144364216941,0.07776265586941815,0.05064542487399187,0.10678627639742498,0.06850451511143123,0.05998097797740868,0.04361928146662447,0.06073667359396984,0.04906386804538656,0.027592378664283688,0.07299102086312996,0.10885098301741958,0.07723216115759,0.07054413682176498,0.07308219037296106,0.088355799582775,0.08229465308091476,0.038954229200897646,0.023826598362834548,0.06674496499151888,0.07179144912778235,0.10165825685612073,0.049287428495445096,0.07562589488394002,0.062072336849639996,0.1569358983558601,0.03005132127969366,0.0244933458800826,0.024388189090149236,0.07010052636309651
19,'DungDkarTrumpet',1,0.04253229599257399,0.06865901133736534,0.02901908845903824,0.027080773634428398,0.03564349456975596,0.016608140677861465,0.012065325569206977,0.04227665726022926,0.04031982151642202,0.01907089324912319,0.04566672767414839,0.0849326841637467,0.031649555593315656,0.034228001975454614,0.026726494794921184,0.0,0.033491647434268655,0.0668155566533621,0.01869742957923974,0.04510982438858712,0.0492465298759149,0.025188381419855424,0.025235482221885496,0.06277643347055557,0.05639303205315846,0.05303225164148579,0.043957794984611796,0.028489166066793383,0.04696744876278066,0.04655445604378979,0.053622403377904464,0.04551066222315401,0.057883744028127036,0.029858158399882446,0.03666908339953077,0.05790096004259653,0.008795745940643631,0.021200176705882787,0.05442910680206805,0.031004011112258003,0.03112557836993132,0.03732633057724138,0.037064201591780886,0.020773285303831646,0.015415760994349076,0.04466802244219994,0.13174289396096261,0.13445062420043488,0.10357097458959147,0.17937346527061018,0.2254410924463496,0.06588251647394465,0.03132331251756368,0.026581203039450347,0.03476222723441021,0.040995551707701756,0.017248320059160393,0.048667704631325796,0.04348640208142243,0.020548367994781425,0.038296827902671506,0.02777051638975216,0.01890063254888099,0.03520205554045953,0.023065510513133044,0.07940549221703387,0.06157331850431211,0.05114453073156084,0.02395954086058491,0.080076697333309,0.06153903234194283,0.05302484702213184,0.017001156328767173,0.034118548456112535,0.025683377961089975,0.05427578547912498,0.04628553189786485,0.08223285787956226,0.050614036019732696,0.04392601168390769,0.04646406523510376,0.06172371509228952,0.05567652794305745,0.014700200820497457,0.01989611528768425,0.040069170784456536,0.045173323989925046,0.07503680149946286,0.02256093370052391,0.04900776974608273,0.03967688855669372,0.13031777321800284,0.009763736215740391,0.006799948784470942,0.0173236884778085,0.04348172664760764
23,'ElectricPiano',1,0.042800583313648305,0.06840691532009154,0.004472558975230413,0.03656879654217955,0.03588749000917139,0.024780101530054773,0.021480886704038527,0.04254494458130357,0.0405107998323514,0.0193391805701975,0.04590391743881354,0.08520097148482102,0.06514120302758432,0.034496289296528926,0.026458207473846865,0.033491647434268655,0.0,0.10022989508248581,0.01842914225816543,0.01161817695431846,0.05680600898237074,0.008326508631032232,0.025503769542959808,0.06296741178648495,0.056584010369087834,0.05322816479615427,0.04412705217697576,0.02329302261701265,0.04715842707871004,0.046822743364864104,0.053890690698978776,0.04577894954422832,0.05807472234405641,0.030126445720956758,0.07016073083379942,0.02440931260832788,0.04228739337491228,0.0214684640269571,0.05462008511799743,0.03127229843333231,0.03139386569100563,0.03703598105442105,0.03729088554941087,0.02278724274668754,0.02379956814987556,0.034391132830421244,0.131933872276892,0.13464160251636426,0.07011152414376133,0.17956444358653956,0.225632070762279,0.032390869039675994,0.0022297024005595374,0.0069612497043202715,0.0012705798001415565,0.007503904273433104,0.016300275100159,0.04893599195240011,0.043754689402496744,0.05396270642390514,0.03856511522374582,0.02803880371082647,0.02941555894388473,0.056097789383406316,0.02333379783420736,0.07959647053296326,0.06176429682024148,0.051335509047490215,0.04014642157005149,0.08032806892357812,0.09495337077106654,0.08643918545125556,0.03761092472915634,0.034309526772041916,0.022605660571539687,0.05401952548621161,0.04653281338928309,0.08242383619549165,0.05080501433566207,0.04411698999983706,0.046655043551033136,0.0619146934082189,0.055867506258986836,0.019608277829952527,0.05025374518476247,0.040286757517672016,0.04536430230585442,0.07522777981539223,0.022829221021598223,0.049198748062012104,0.03561412937579312,0.1305087515339322,0.024627466291541677,0.028454297107701598,0.05081533591207715,0.043672704963537014
