% Distances between instruments for pitch 81 (A5)
@RELATION distances

@ATTRIBUTE 'InstrumentId' NUMERIC
@ATTRIBUTE 'Instrument' STRING
@ATTRIBUTE 'StyleId' NUMERIC
@ATTRIBUTE 'Distance to instrument 3 (Bandura), style 1' NUMERIC
@ATTRIBUTE 'Distance to instrument 4 (BanjoFramus), style 1' NUMERIC
@ATTRIBUTE 'Distance to instrument 5 (Banjolin), style 1' NUMERIC
@ATTRIBUTE 'Distance to instrument 9 (Bouzouki), style 1' NUMERIC
@ATTRIBUTE 'Distance to instrument 12 (Clarinet), style 1' NUMERIC
@ATTRIBUTE 'Distance to instrument 12 (Clarinet), style 2' NUMERIC
@ATTRIBUTE 'Distance to instrument 15 (DallapeAccordion), style 1' NUMERIC
@ATTRIBUTE 'Distance to instrument 17 (Domra), style 1' NUMERIC
@ATTRIBUTE 'Distance to instrument 19 (DungDkarTrumpet), style 1' NUMERIC
@ATTRIBUTE 'Distance to instrument 23 (ElectricPiano), style 1' NUMERIC
@ATTRIBUTE 'Distance to instrument 23 (ElectricPiano), style 2' NUMERIC
@ATTRIBUTE 'Distance to instrument 23 (ElectricPiano), style 3' NUMERIC
@ATTRIBUTE 'Distance to instrument 23 (ElectricPiano), style 4' NUMERIC
@ATTRIBUTE 'Distance to instrument 23 (ElectricPiano), style 5' NUMERIC
@ATTRIBUTE 'Distance to instrument 23 (ElectricPiano), style 6' NUMERIC
@ATTRIBUTE 'Distance to instrument 24 (Erhu), style 1' NUMERIC
@ATTRIBUTE 'Distance to instrument 25 (Flute), style 1' NUMERIC
@ATTRIBUTE 'Distance to instrument 25 (Flute), style 2' NUMERIC
@ATTRIBUTE 'Distance to instrument 25 (Flute), style 3' NUMERIC
@ATTRIBUTE 'Distance to instrument 25 (Flute), style 4' NUMERIC
@ATTRIBUTE 'Distance to instrument 25 (Flute), style 5' NUMERIC
@ATTRIBUTE 'Distance to instrument 25 (Flute), style 6' NUMERIC
@ATTRIBUTE 'Distance to instrument 25 (Flute), style 7' NUMERIC
@ATTRIBUTE 'Distance to instrument 25 (Flute), style 8' NUMERIC
@ATTRIBUTE 'Distance to instrument 26 (Fujara), style 1' NUMERIC
@ATTRIBUTE 'Distance to instrument 28 (JinghuOperaViolin), style 1' NUMERIC
@ATTRIBUTE 'Distance to instrument 29 (Kantele), style 1' NUMERIC
@ATTRIBUTE 'Distance to instrument 30 (Melodica), style 1' NUMERIC
@ATTRIBUTE 'Distance to instrument 31 (MorinKhuurViolin), style 1' NUMERIC
@ATTRIBUTE 'Distance to instrument 32 (Oboe), style 1' NUMERIC
@ATTRIBUTE 'Distance to instrument 32 (Oboe), style 2' NUMERIC
@ATTRIBUTE 'Distance to instrument 34 (Organ), style 1' NUMERIC
@ATTRIBUTE 'Distance to instrument 34 (Organ), style 2' NUMERIC
@ATTRIBUTE 'Distance to instrument 34 (Organ), style 3' NUMERIC
@ATTRIBUTE 'Distance to instrument 34 (Organ), style 4' NUMERIC
@ATTRIBUTE 'Distance to instrument 34 (Organ), style 5' NUMERIC
@ATTRIBUTE 'Distance to instrument 34 (Organ), style 6' NUMERIC
@ATTRIBUTE 'Distance to instrument 36 (Piano), style 1' NUMERIC
@ATTRIBUTE 'Distance to instrument 36 (Piano), style 2' NUMERIC
@ATTRIBUTE 'Distance to instrument 36 (Piano), style 3' NUMERIC
@ATTRIBUTE 'Distance to instrument 36 (Piano), style 4' NUMERIC
@ATTRIBUTE 'Distance to instrument 36 (Piano), style 5' NUMERIC
@ATTRIBUTE 'Distance to instrument 36 (Piano), style 6' NUMERIC
@ATTRIBUTE 'Distance to instrument 36 (Piano), style 7' NUMERIC
@ATTRIBUTE 'Distance to instrument 36 (Piano), style 8' NUMERIC
@ATTRIBUTE 'Distance to instrument 36 (Piano), style 9' NUMERIC
@ATTRIBUTE 'Distance to instrument 36 (Piano), style 10' NUMERIC
@ATTRIBUTE 'Distance to instrument 36 (Piano), style 11' NUMERIC
@ATTRIBUTE 'Distance to instrument 37 (Pinkillo), style 1' NUMERIC
@ATTRIBUTE 'Distance to instrument 38 (PivanaFlute), style 1' NUMERIC
@ATTRIBUTE 'Distance to instrument 39 (Saxophone), style 1' NUMERIC
@ATTRIBUTE 'Distance to instrument 39 (Saxophone), style 3' NUMERIC
@ATTRIBUTE 'Distance to instrument 39 (Saxophone), style 4' NUMERIC
@ATTRIBUTE 'Distance to instrument 41 (Shakuhachi), style 1' NUMERIC
@ATTRIBUTE 'Distance to instrument 46 (Trumpet), style 1' NUMERIC
@ATTRIBUTE 'Distance to instrument 46 (Trumpet), style 2' NUMERIC
@ATTRIBUTE 'Distance to instrument 46 (Trumpet), style 3' NUMERIC
@ATTRIBUTE 'Distance to instrument 46 (Trumpet), style 4' NUMERIC
@ATTRIBUTE 'Distance to instrument 46 (Trumpet), style 5' NUMERIC
@ATTRIBUTE 'Distance to instrument 46 (Trumpet), style 6' NUMERIC
@ATTRIBUTE 'Distance to instrument 46 (Trumpet), style 7' NUMERIC
@ATTRIBUTE 'Distance to instrument 46 (Trumpet), style 8' NUMERIC
@ATTRIBUTE 'Distance to instrument 46 (Trumpet), style 9' NUMERIC
@ATTRIBUTE 'Distance to instrument 46 (Trumpet), style 10' NUMERIC
@ATTRIBUTE 'Distance to instrument 49 (Ukulele), style 1' NUMERIC
@ATTRIBUTE 'Distance to instrument 50 (Viola), style 1' NUMERIC
@ATTRIBUTE 'Distance to instrument 50 (Viola), style 2' NUMERIC
@ATTRIBUTE 'Distance to instrument 50 (Viola), style 3' NUMERIC
@ATTRIBUTE 'Distance to instrument 50 (Viola), style 4' NUMERIC
@ATTRIBUTE 'Distance to instrument 50 (Viola), style 5' NUMERIC
@ATTRIBUTE 'Distance to instrument 50 (Viola), style 6' NUMERIC
@ATTRIBUTE 'Distance to instrument 50 (Viola), style 7' NUMERIC
@ATTRIBUTE 'Distance to instrument 50 (Viola), style 8' NUMERIC
@ATTRIBUTE 'Distance to instrument 50 (Viola), style 9' NUMERIC
@ATTRIBUTE 'Distance to instrument 51 (Violin), style 1' NUMERIC
@ATTRIBUTE 'Distance to instrument 51 (Violin), style 2' NUMERIC
@ATTRIBUTE 'Distance to instrument 51 (Violin), style 3' NUMERIC
@ATTRIBUTE 'Distance to instrument 51 (Violin), style 4' NUMERIC
@ATTRIBUTE 'Distance to instrument 51 (Violin), style 5' NUMERIC
@ATTRIBUTE 'Distance to instrument 51 (Violin), style 6' NUMERIC
@ATTRIBUTE 'Distance to instrument 51 (Violin), style 7' NUMERIC
@ATTRIBUTE 'Distance to instrument 51 (Violin), style 8' NUMERIC
@ATTRIBUTE 'Distance to instrument 51 (Violin), style 9' NUMERIC
@ATTRIBUTE 'Distance to instrument 51 (Violin), style 10' NUMERIC
@ATTRIBUTE 'Distance to instrument 52 (Flugelhorn), style 1' NUMERIC

@DATA
3,'Bandura',1,0.0,0.12606327797295844,0.07107762841841134,0.0305085177181407,0.00596687671391214,0.019822923191655212,0.08250455355892213,0.1025522906686384,0.06855450220777748,0.05024107981711378,0.026926939968133678,0.09445520613614487,0.0500229296372273,0.04938151072880021,0.07104697194192,0.039060786725433,0.04787270907796664,0.037508754059900264,0.05186822156217933,0.04370133713295571,0.005839720134536629,0.04061037593787011,0.03522110837207353,0.004842069841921267,0.022593671847594657,0.07556191483207507,0.054059821457226515,0.06139607307565062,0.06291111853542415,0.02634289886533113,0.03504038432073408,0.038202427715055644,0.0382601126188303,0.02647179860780467,0.046058383333729185,0.042402749728179645,0.0359503612123755,0.08197447573274519,0.08428837949472978,0.10547044104057712,0.08398496195185108,0.08403214821697465,0.07063301353688727,0.030427797532622175,0.05334667483339239,0.052908369296621106,0.0582670737340453,0.05910086690320016,0.020512340875263876,0.013184837491236496,0.04321800028615062,0.04961469349564776,0.04395331116601414,0.058157178176120594,0.04376882622268971,0.0482499454258525,0.03433934525053797,0.014124456742837877,0.035308766001982995,0.11758036576364134,0.03550299141850534,0.03150062963402921,0.02457477944417982,0.04142566059760378,0.09307465924788531,0.024049472334216903,0.0028471436640907523,0.028112722057889273,0.04568286193530482,0.03781416027611291,0.028855931174558758,0.03133157551726013,0.059447865666943815,0.0833368201438519,0.022239559256225037,0.01843082998231985,0.04501273974308944,0.025907908101696252,0.03924582273731072,0.037992997801247284,0.03504442467111659,0.05745924683245494,0.059845524549249164,0.0770894035934477,0.02678761942972781
4,'BanjoFramus',1,0.12606327797295844,0.0,0.05504017586833626,0.09555476025481772,0.12009640125904629,0.12066839865973313,0.043566443944566415,0.023530495106454746,0.057524694258147914,0.07592258431181609,0.12058038645056955,0.031763719146728334,0.07617746610376255,0.07675387322929149,0.05513558696455964,0.08771698927089211,0.1316497880959949,0.13141935154244502,0.11906889903736456,0.11812043741887156,0.12657832641849717,0.11668670859940512,0.11067857590409673,0.12253313799755937,0.10348014008550245,0.05076957994084958,0.08488500419208987,0.06469420317442971,0.06414701324329204,0.0998467613371181,0.09176413888677414,0.0896829655481416,0.09787877406261176,0.09972497433594636,0.08580829522092248,0.08405866186109008,0.09242841936565026,0.11279965846760857,0.11511356222959314,0.1362956237754405,0.11481014468671445,0.11485733095183802,0.10145819627175064,0.095789843821958,0.07284699554810288,0.07330888487733525,0.06793437421475651,0.06711397217969718,0.11713850177873908,0.11772966699248356,0.08297064083304291,0.07740591123442372,0.0822516104855382,0.0755117836679013,0.16983210419564812,0.138316041501922,0.11555158855135665,0.11199255844498741,0.11071026728623679,0.031687941084649056,0.09071329147592178,0.09470222136661659,0.10174919446931713,0.0856200405928691,0.033130235905832243,0.15011275030717533,0.1273953622059321,0.11358502973465885,0.11546330375862796,0.12804504973812142,0.09909837522001617,0.09483673483409694,0.06723010386141041,0.04272645782910653,0.10393543234048867,0.10976909263400414,0.11624361192262096,0.10080232537703994,0.08698158979278146,0.08905279366847539,0.1513371116365783,0.06999648369328666,0.0673154343663231,0.04897387437951073,0.13304111727836296
5,'Banjolin',1,0.07107762841841134,0.05504017586833626,0.0,0.040574348520540614,0.06511357795734513,0.06575770799486472,0.05826305601276699,0.031509680761881514,0.034419097947174467,0.020882408443479827,0.06558256434235356,0.023377577717733532,0.021137290235426296,0.021713697360955214,9.541109622337631e-05,0.03280629860602371,0.07660961222765865,0.07650866087757664,0.06404314283761976,0.06308026155053527,0.07155383306919401,0.061646532731068855,0.0557678852392283,0.06762244733269096,0.04856944942063404,0.045016060147807395,0.029844828323753625,0.04385706230965595,0.021258207409748875,0.044806585468781836,0.03685344822190573,0.0347722748832732,0.042968083397743356,0.04468479846761012,0.030897604556054076,0.02914797119622169,0.03751772870078185,0.0577594825992723,0.060073386361256885,0.08125544790710422,0.0597699688183782,0.05981715508350177,0.04645817534754817,0.04074966795362175,0.017806819679766613,0.01826870900899899,0.012894198346420247,0.012073796311360928,0.06222781111387068,0.06281897632761517,0.027930464964706653,0.02249522056955532,0.02734091982066979,0.08231764499580431,0.11479192832731187,0.08327586563358574,0.060511412683020384,0.056953171675573455,0.05577433373022825,0.08659863174951744,0.050746540024223304,0.03966204549828031,0.04670901860098087,0.0307093499280007,0.021997030829473976,0.09507257443883906,0.07235518633759581,0.058544853866322584,0.060423127890291695,0.07300487386978517,0.04405819935167992,0.039796558965760676,0.016809643421124145,0.047720358888041096,0.04889525647215239,0.05472891676566788,0.061203436054284695,0.04589163471217154,0.0319414139244452,0.03414210300360699,0.09629693576824205,0.015085793028418268,0.019534378326655357,0.037882211989540504,0.07800094141002668
9,'Bouzouki',1,0.0305085177181407,0.09555476025481772,0.040574348520540614,0.0,0.02454164100422856,0.025183359474324107,0.052001273661051395,0.07204901077076767,0.038051222309906756,0.03817755463002698,0.033852024735329396,0.06395192623827414,0.03843243642197344,0.018878230830929488,0.04054369204404927,0.0085522690072923,0.0409528621310409,0.03593431235703603,0.04494837461525359,0.036781490186029976,0.031023566163679434,0.03369052899094437,0.028296023604877815,0.02704809881215035,0.007995100900093432,0.045053397113934364,0.047139974510300775,0.0308927931777799,0.032402600817283446,0.004292001082300375,0.016741959594179703,0.02453120088787235,0.03133502785163459,0.01758643828435139,0.015549865615588479,0.011894232010038948,0.029025276445179788,0.07505462878581945,0.07736853254780403,0.09855059409365137,0.07706511500492534,0.07711230127004892,0.06371316658996153,0.016188861135796744,0.03510196586631376,0.03556385519554614,0.0301893445329674,0.029368942497908074,0.027432187822189615,0.02224462780707456,0.0127147203882799,0.01910617577750706,0.013444793447873443,0.06508226294331632,0.07427734394083041,0.04276128124710429,0.027419498303612233,0.016437798190169692,0.028383681234787284,0.08707708586577063,0.03351115797173531,0.004599035018276818,0.01765493249725408,0.01789867594103,0.06257137935001458,0.0545579900523576,0.03184060195111436,0.021192875110963533,0.03876301498837908,0.032490289483303715,0.021936084227633018,0.017572242503593984,0.028939347948803113,0.05282890385899796,0.010469512332415687,0.014214332379186413,0.0380928927961637,0.005317286191630928,0.008742542839439997,0.01742149515582168,0.05578235138176058,0.02695072911431423,0.02933700683110847,0.046580885875307,0.03748635702354522
12,'Clarinet',1,0.00596687671391214,0.12009640125904629,0.06511357795734513,0.02454164100422856,0.0,0.014879564786122304,0.07654050309785591,0.09658824020757217,0.06259045174671128,0.04427702935604757,0.03187029837366659,0.08849115567507866,0.0440588791761611,0.043417460267734,0.06508292148085379,0.033093910011520865,0.042932176925279654,0.032565395654367356,0.04692768940949236,0.03876080498026874,0.0064819251594508695,0.035669843785183133,0.030277749966540618,0.0025088693753458273,0.016626795133682516,0.06959503811816292,0.049119289304539536,0.055432022614584416,0.05694424182151201,0.02037884840426492,0.029073507606821942,0.0322355510011435,0.03331675421329739,0.020507748146738464,0.04009150661981704,0.03643587301426751,0.031007002806842595,0.07703394358005822,0.07934784734204281,0.10052990888789015,0.07904442979916411,0.07909161606428768,0.0656924813842003,0.024463747071555974,0.04738262437232618,0.046944318835554895,0.05230302327297909,0.053136816442133965,0.02545287302795085,0.008241479085703588,0.03725394982508442,0.04364781678173562,0.037986434452102,0.0631005365816535,0.049735702936601844,0.04330941327316553,0.029398813097851,0.008160406281771672,0.030365407596450084,0.11161631530257514,0.031529431610072496,0.025536579172963005,0.019634247291492844,0.03545878388369164,0.0871106087868191,0.03001634904812904,0.007298960946885802,0.023172189905202294,0.040742329782617846,0.03287362812342593,0.023915399021871783,0.02536752505619393,0.05348098895303167,0.07736994342993975,0.016275508795158832,0.013490297829632873,0.04007220759040246,0.019941031387784112,0.033281772276244515,0.03202612108733514,0.0399877830766495,0.051492370118542796,0.053878647835337024,0.07112252687953556,0.03173097783526072
12,'Clarinet',2,0.019822923191655212,0.12066839865973313,0.06575770799486472,0.025183359474324107,0.014879564786122304,0.0,0.0771846331353755,0.09723237024509178,0.06323458178423086,0.04492115939356716,0.046749863159788886,0.08913528571259825,0.04470300921368068,0.04406159030525359,0.06572705151837338,0.03336541271120954,0.028425239476988263,0.017839751967756685,0.03242075196120096,0.024253867531977336,0.014022046851874642,0.021162906336891735,0.015421779929576268,0.014980853349733946,0.01718825857423067,0.06989881871888355,0.03600613050085583,0.05607615265210401,0.057215744521200686,0.02102297844178451,0.029345010306510627,0.032507053700832185,0.02353537166062597,0.02115187818425805,0.040363009319505726,0.03670737571395619,0.028723722828997603,0.06252700613176682,0.06484090989375141,0.08602297143959875,0.06453749235087271,0.06458467861599629,0.0511855439359089,0.029086699560256248,0.04802675440984577,0.047588448873074486,0.05294715331049868,0.05378094647965354,0.039959810476242245,0.0071429723292488895,0.037898079862604,0.0439193194814243,0.03841678817419492,0.07798010136777582,0.04946420023691317,0.028802475824874132,0.0148918756495596,0.015876882451170134,0.01581158040246609,0.11226044534009472,0.0464089963961948,0.02618070921048259,0.019117129778097472,0.035730286583380316,0.0877547388243387,0.03999454416356896,0.017129751521222817,0.008665252456910898,0.026235392334326448,0.018366690675134537,0.0217218059422473,0.026011655093713518,0.053752491652720356,0.07801226333332208,0.016919638832678417,0.011144037789343376,0.025565270142111064,0.020212534087472794,0.0339259023137641,0.03229762378702381,0.0548673478627718,0.05176387281823147,0.054150150535025705,0.07175741453739497,0.046610542621383026
15,'DallapeAccordion',1,0.08250455355892213,0.043566443944566415,0.05826305601276699,0.052001273661051395,0.07654050309785591,0.0771846331353755,0.0,0.026753375250885475,0.02384395806559252,0.07914546445624682,0.07701394250600313,0.034986599291159055,0.07940034624819328,0.042841707735290835,0.05835846710899036,0.04423322374653449,0.08808334415142847,0.08793558601808742,0.08591628444147342,0.07774940001224982,0.08301188247393074,0.0746584388171642,0.06927689078189775,0.07904937247320175,0.05999637456114484,0.013597891085134624,0.08810788433652061,0.0211277592298633,0.038082380828984685,0.056280317392551675,0.05772282677119964,0.06551206806489228,0.07231589502865453,0.058554348110571225,0.051181930933002384,0.047715404132919054,0.07000614362219972,0.1160225386120393,0.1183364423740239,0.1395185039198712,0.11803302483114515,0.11808021109626876,0.10468107641618137,0.05222339987739159,0.07606987569253361,0.07653176502176598,0.07115725435918724,0.07033685232412791,0.07365473625438146,0.07424590146812596,0.043560346825023,0.04382140513122632,0.03956762589510688,0.03194533972333489,0.1262656602510817,0.09474959755735557,0.07198514460679023,0.068426114500421,0.06936454841180721,0.03507581220471923,0.04714684753135534,0.051135777422050145,0.05862284232347392,0.05887954311804993,0.03635311605026297,0.10654630636260891,0.08382891826136567,0.07001858579009242,0.07973092481459892,0.08447860579355503,0.06290399405385286,0.05854015232981382,0.04215078256724745,0.010555053042239223,0.060368988395922245,0.06620264868943772,0.07906080262238353,0.057318559852682326,0.04341514584821504,0.05840236233284162,0.10777066769201189,0.047666727468925196,0.039909037048934275,0.02040063218626271,0.08947467333379651
17,'Domra',1,0.1025522906686384,0.023530495106454746,0.031509680761881514,0.07204901077076767,0.09658824020757217,0.09723237024509178,0.026753375250885475,0.0,0.03399778846086091,0.05239208920536134,0.0970572265925806,0.008233224040273586,0.05264697099730781,0.05322337812283673,0.03160509185810489,0.06428096085625076,0.10811929298954015,0.10798332312780369,0.0955384039309098,0.0945899423124168,0.10304783131204241,0.09315621349295038,0.08724254748945537,0.09909710958291802,0.0800441116708611,0.02733355152620823,0.06135450908563514,0.04116370806797497,0.040710984828650695,0.07631626623066336,0.06832811047213279,0.06624693713350026,0.07444274564797042,0.07619447922949163,0.062372266806281135,0.06062263344644875,0.06899239095100891,0.08926916336115381,0.0915830671231384,0.11276512866898575,0.09127964958025969,0.09132683584538327,0.07793283759777522,0.07225934871550327,0.04931650044164813,0.049778389770880505,0.044403879108301764,0.04358347707324244,0.09370247336409775,0.09429363857784223,0.05944014572658816,0.05396988281978238,0.05881558207089685,0.05198128856144656,0.1463016090891934,0.11478554639546727,0.0920210934449019,0.08846206333853268,0.08724899598045531,0.0551239694992904,0.06718279636946702,0.07117172626016183,0.07821869936286238,0.062184012178227756,0.009599740799377497,0.12658225520072056,0.10386486709947733,0.0900545346282041,0.09193280865217322,0.10451455463166669,0.07556788011356143,0.07130623972764219,0.043794075446769075,0.019220106911769706,0.08040493723403391,0.08623859752754938,0.09271311681616622,0.07736629696239859,0.06345109468632672,0.06561676525383404,0.12780661653012357,0.04656045527864533,0.04387940595168175,0.0254749557076968,0.1095106221719082
19,'DungDkarTrumpet',1,0.06855450220777748,0.057524694258147914,0.034419097947174467,0.038051222309906756,0.06259045174671128,0.06323458178423086,0.02384395806559252,0.03399778846086091,0.0,0.055301506390654294,0.0630594381317197,0.02590070392836739,0.05555638818260076,0.019229178971143564,0.03451450904339785,0.030283172395389846,0.074125093837847,0.07398553466694278,0.062072326375880914,0.06059574316072363,0.06905363216034924,0.05916201434125721,0.05324475902859444,0.0650993211220571,0.046046323210000184,0.010596962200632921,0.0642639262709281,0.00944904414663643,0.014246621725829016,0.04232206707897018,0.03433032201127187,0.04167630896173661,0.04848013592549886,0.04220028007779847,0.02837447834542022,0.026624844985587832,0.04617038451904406,0.09217858054644677,0.09449248430843137,0.11567454585427871,0.09418906676555266,0.09423625303067625,0.08083866547390044,0.0382651495638101,0.052225917626941086,0.05268780695617346,0.047313296293594716,0.046492894258535394,0.05970468490323683,0.06029585011698132,0.025445946574895,0.019985646028070656,0.024817793610035933,0.04793715486945205,0.11230740993750021,0.0807913472437741,0.05802689429320874,0.0544678641868395,0.05325120751959439,0.0522181416231652,0.033188597217773855,0.037177527108468666,0.044224500211169214,0.03504378401489427,0.02452015704010783,0.09258805604902741,0.06987066794778417,0.05606033547651093,0.05793860950048005,0.07052035547997353,0.04157368096186826,0.03731204057594902,0.018315023464091782,0.014798236429041385,0.046410738082340745,0.052244398375856226,0.05871891766447304,0.04336850850153768,0.029456895534633553,0.034566603229685945,0.0938124173784304,0.02383096836576953,0.0160732779457786,0.008550819878637188,0.07551642302021504
23,'ElectricPiano',1,0.05024107981711378,0.07592258431181609,0.020882408443479827,0.03817755463002698,0.04427702935604757,0.04492115939356716,0.07914546445624682,0.05239208920536134,0.055301506390654294,0.0,0.07201216899141749,0.04421412631903109,0.0002548817919464684,0.03630375672095598,0.02080589212480622,0.03589516536514492,0.055727203784178815,0.05567211227627908,0.0432065942363222,0.04219785310705545,0.050717284467896445,0.04076412428758903,0.034931336637930736,0.046785898731393404,0.03163548061850873,0.06589846859128722,0.008962419880273798,0.06473947075313578,0.0421406158532287,0.04234306839603624,0.022246561339805775,0.015538190101802166,0.022131534796445796,0.02380239002413029,0.033849612525146476,0.03191087235984788,0.016681180099484286,0.03687707415579247,0.039190977917777065,0.0603730394636244,0.03888756037489837,0.038934746640021944,0.025621626746250608,0.0542607917895823,0.0031055950162786144,0.002667289479507331,0.00802599391693152,0.00885978708608639,0.06560974245221658,0.041982427726317606,0.03561009462148749,0.03636406450234236,0.03980216065994265,0.10317490956286453,0.093933596688058,0.062393457190105917,0.039629004239540556,0.041097623621600764,0.03493778512893069,0.10743593197191244,0.07158308862552086,0.03361770648346608,0.02582661015750104,0.021331022975920145,0.04283357943077153,0.07419016599535923,0.051472777894115994,0.03766244542284276,0.03957396704855338,0.05212246542630535,0.023199353451319852,0.020609958348860202,0.03769205186460397,0.06860276733152092,0.02801284802867257,0.033846508322188044,0.040358218288972014,0.03513406873911205,0.036115886025295835,0.02180829404037825,0.08004144009209786,0.0329538679603136,0.04041678677013518,0.05876462043302033,0.07178463485070909
23,'ElectricPiano',2,0.026926939968133678,0.12058038645056955,0.06558256434235356,0.033852024735329396,0.03187029837366659,0.046749863159788886,0.07701394250600313,0.0970572265925806,0.0630594381317197,0.07201216899141749,0.0,0.08896014206008711,0.07226705078336396,0.04388644665274244,0.06555190786586222,0.03691863309298684,0.0747874764924314,0.06443569402803394,0.0787829889766441,0.07061610454742048,0.0327544875490014,0.06752514335233488,0.06214804834020721,0.03176900981005495,0.04047435377639503,0.0700790233096862,0.08097458887169129,0.05590100899959285,0.05742822701303527,0.02969509666890061,0.050593984329509095,0.058383225623201744,0.06518705258696399,0.0514210526457419,0.04405308849131184,0.04058656169122852,0.06287730118050917,0.10888924314720998,0.11120314690919454,0.1323852084550419,0.11089972936631586,0.11094691563143944,0.09754778095135204,0.0249327334565644,0.06893658022770427,0.06939846955693665,0.06402395889435791,0.06320355685929858,0.008097441957337975,0.040111777459370175,0.03772293621009285,0.04413180197325889,0.03847041964362527,0.045136100419208125,0.04925171774507858,0.07516471284031728,0.06125411266500275,0.03091454536981672,0.06223570597011668,0.11208530168758357,0.030007927342447564,0.03843364937966733,0.0514895468586446,0.051750700676359396,0.08757959517182752,0.029532363856605775,0.029761911078555525,0.05502748947235405,0.07259762934976959,0.06472892769057768,0.05577069858902353,0.051406856864984495,0.05396497414455494,0.07785392862146302,0.0443041266938062,0.04534559739678462,0.07192750715755421,0.0376121872014308,0.03596003136728398,0.05127351989115108,0.03075672518600876,0.051976355310066065,0.05436263302686029,0.07160651207105882,0.012460730827793387
23,'ElectricPiano',3,0.09445520613614487,0.031763719146728334,0.023377577717733532,0.06395192623827414,0.08849115567507866,0.08913528571259825,0.034986599291159055,0.008233224040273586,0.02590070392836739,0.04421412631903109,0.08896014206008711,0.0,0.04443227649891757,0.045073695407344655,0.023408234194224872,0.056183876323757244,0.09988606894926659,0.09988623859531016,0.08742072055535328,0.0864113489686363,0.09493141078692753,0.08492363273879666,0.07914546295696183,0.09100002505042448,0.07194702713836758,0.02173960342619946,0.05312915521174241,0.033059133060494246,0.032613900296157176,0.06811230727081374,0.060231025939639256,0.058149852601006746,0.06634566111547689,0.0679834075283402,0.05427518227378761,0.05252554891395522,0.06089530641851538,0.08105854000367935,0.08334984308286482,0.10457156821612529,0.08304642553998612,0.0830936118051097,0.0698357530652817,0.0640274086035227,0.04110853130275248,0.04154683683952376,0.036188132402099574,0.035354339232944704,0.08560538883160422,0.0861965540453487,0.05123720584999425,0.04587279828728886,0.05071849753840332,0.05901604439777678,0.13814772300708908,0.10658955456932824,0.08378895022692771,0.08033074939330699,0.07915191144796178,0.06327706680682467,0.05895221471763953,0.06295457650211565,0.07001815593450077,0.05408692764573423,0.0013805468882595593,0.11837887419726789,0.09563331837546019,0.08182323993578715,0.08378809336758447,0.09632207844232264,0.06741347977035095,0.06312363061888474,0.03569699091427555,0.024443902166433162,0.07221564687991984,0.0780053734872758,0.08457234460800311,0.06926921242990508,0.05521787064605314,0.057519680721340526,0.11958855215628589,0.038463370746151804,0.035782321419188225,0.01737787117520328,0.10128810388702049
23,'ElectricPiano',4,0.0500229296372273,0.07617746610376255,0.021137290235426296,0.03843243642197344,0.0440588791761611,0.04470300921368068,0.07940034624819328,0.05264697099730781,0.05555638818260076,0.0002548817919464684,0.07226705078336396,0.04443227649891757,0.0,0.03655863851290245,0.021041879139202916,0.03615004715709139,0.05547232199223235,0.055453962096392605,0.042988444056435725,0.041979072469718735,0.05049913428800998,0.04050924249564256,0.03471318645804427,0.04656774855150692,0.031890362410455196,0.06615335038323368,0.008707538088327329,0.06499435254508225,0.04239549764517517,0.04257195411446335,0.022501443131752244,0.015793071893748636,0.021913384616559325,0.023551131029422634,0.03410449431709294,0.03216575415179435,0.016463029919597815,0.03662626350476179,0.03893609612583059,0.060139291717207714,0.0386326785829519,0.03867986484807547,0.025403476566364134,0.05447894196946878,0.003330470555659682,0.002885439659393805,0.008244144096817995,0.009077937265972863,0.06586462424416306,0.04176427754643114,0.03583999942317028,0.03661894629428882,0.04005704245188912,0.10342979135481101,0.0937154465081715,0.06215727807041068,0.03937412244759409,0.04135250541354723,0.03471963494904421,0.1076908137638589,0.07180123880540734,0.03383585666335256,0.02558587943558321,0.021585904767866617,0.04305172961065801,0.07394659769835034,0.05121789610216953,0.03740756363089629,0.039355816868666904,0.05188980194340507,0.02298120327143338,0.02086019391837946,0.03794693365655044,0.06885764912346738,0.027962924089557754,0.03359162653024158,0.04014006810908554,0.03538895053105852,0.0363340362051823,0.022063175832324717,0.08025959027198433,0.03320874975226007,0.04067166856208165,0.059019502224966804,0.07200278503059555
23,'ElectricPiano',5,0.04938151072880021,0.07675387322929149,0.021713697360955214,0.018878230830929488,0.043417460267734,0.04406159030525359,0.042841707735290835,0.05322337812283673,0.019229178971143564,0.03630375672095598,0.04388644665274244,0.045073695407344655,0.03655863851290245,0.0,0.021665461213119783,0.011110180916412584,0.05489591486670344,0.0548125431879655,0.043106576046118145,0.04136656418958006,0.04985771537958289,0.03993283537011364,0.034071767549617174,0.045926329643079834,0.02687333173102292,0.029594711870331237,0.04526617660122978,0.028435714032179798,0.013601713791757201,0.023092888107826618,0.015157330532294606,0.0227347467842046,0.02953857374796684,0.0229711011066549,0.009201486866442954,0.00745185350661057,0.027228822341512037,0.07318083087674844,0.07549473463873303,0.09667679618458037,0.07519131709585435,0.07523850336097793,0.06189710329636842,0.019035970592666533,0.03322816795724277,0.033690057286475145,0.028315546623896404,0.02749514458883708,0.04053169342425955,0.041122858638004044,0.006216767603751438,0.0010440838505386388,0.005644802131058667,0.06687871704698406,0.09307823096635666,0.06156216827263054,0.03879771532206517,0.03525705398596233,0.03407821604061712,0.07115970380069721,0.03530761207540306,0.0179483481373251,0.024995321240025653,0.016102221837362245,0.0436931485190851,0.07335887707788384,0.050641488976640614,0.03683115650536737,0.03871439796023981,0.05129117650882995,0.022344501990724703,0.01808286160480546,0.010138460923276865,0.034027415400184946,0.027181559111197184,0.03301521940471266,0.03949864920065845,0.024195517022560415,0.01022771656348999,0.01562504105215393,0.07458323840728683,0.008149842088787987,0.01053611980558222,0.027779998849780756,0.05628724404907146
23,'ElectricPiano',6,0.07104697194192,0.05513558696455964,9.541109622337631e-05,0.04054369204404927,0.06508292148085379,0.06572705151837338,0.05835846710899036,0.03160509185810489,0.03451450904339785,0.02080589212480622,0.06555190786586222,0.023408234194224872,0.021041879139202916,0.021665461213119783,0.0,0.03277564212953237,0.07651420113143527,0.07647800440108529,0.06401248636112843,0.06300311477441142,0.07152317659270267,0.061551121634845475,0.05573722876273696,0.06759179085619961,0.048538792944142706,0.04511147124403076,0.02974941722753025,0.04395247340587932,0.021353618505972245,0.044711174372558456,0.03682279174541439,0.03474161840678187,0.04293742692125202,0.044589387371386735,0.030866948079562737,0.029117314719730353,0.037487072224290506,0.05766407150304892,0.05997797526503351,0.0811633340219004,0.05967455772215482,0.05972174398727839,0.04642751887105683,0.040654256857398374,0.017711408583543236,0.018173297912775613,0.012798787250196871,0.011978385215137553,0.06219715463737934,0.06278831985112383,0.027835053868483273,0.022464564093063983,0.02731026334417845,0.08238791221560808,0.11473948881286421,0.08318132037510338,0.06041600158679702,0.05692251519908212,0.05574367725373691,0.08664893462465599,0.05077719650071464,0.03956663440205694,0.04661360750475749,0.030678693451509365,0.022027687305965313,0.09497716334261569,0.07225977524137245,0.058449442770099204,0.06037985917335959,0.07291384424809777,0.04400524557612607,0.039715396424659856,0.01690505451734752,0.04781576998426446,0.04880741268569496,0.05463350566944449,0.06116411041377823,0.0458609782356802,0.03184600282822183,0.03411144652711565,0.09620152467201866,0.015055136551926926,0.019629789422878734,0.037977623085763884,0.0779055303138033
24,'Erhu',1,0.039060786725433,0.08771698927089211,0.03280629860602371,0.0085522690072923,0.033093910011520865,0.03336541271120954,0.04423322374653449,0.06428096085625076,0.030283172395389846,0.03589516536514492,0.03691863309298684,0.056183876323757244,0.03615004715709139,0.011110180916412584,0.03277564212953237,0.0,0.044647296848469485,0.0442702866934331,0.042665985350371534,0.03449910092114792,0.039575835170971733,0.031408139726062316,0.025667013318746847,0.03532081776965433,0.016467114877838345,0.036947409330042535,0.04485758524541872,0.029660760578158144,0.023850331809991146,0.012844270089592673,0.013675351236522254,0.0214645925302149,0.02826841949397714,0.015304049019469334,0.0071344553983249985,0.0039842930052970404,0.02595866808752234,0.07277223952093739,0.07508614328292199,0.09626820482876931,0.07478272574004328,0.07482991200516687,0.061430777325079476,0.019255469493454195,0.032819576601431706,0.033281465930664084,0.027906955268085343,0.027086553233026025,0.029714577087071665,0.030012677721591458,0.004946670473762996,0.01055390677021476,0.005465378785353917,0.06814887130097376,0.08282961294812272,0.05131355025439658,0.02854909730383123,0.024990067197461996,0.02605681379163667,0.07930903595125373,0.036577766329392754,0.007699730119091153,0.015372543232372027,0.014832067583372549,0.054803329435497684,0.0631102590596499,0.040392870958406664,0.026582538487133423,0.03648062572349702,0.041042558490596015,0.019653694962750965,0.01528985323871193,0.020486885409481695,0.04506085394448106,0.016932941092963238,0.02276660138647871,0.035810503531281644,0.013152878623736744,0.0011105637291677242,0.014354886798164232,0.0643346203890529,0.018398460107021935,0.020784737823816166,0.03880600514855396,0.04603862603083752
25,'Flute',1,0.04787270907796664,0.1316497880959949,0.07660961222765865,0.0409528621310409,0.042932176925279654,0.028425239476988263,0.08808334415142847,0.10811929298954015,0.074125093837847,0.055727203784178815,0.0747874764924314,0.09988606894926659,0.05547232199223235,0.05489591486670344,0.07651420113143527,0.044647296848469485,0.0,0.010585487509231578,0.01258088905863035,0.013529350677123369,0.042032988943430015,0.014963079496589787,0.021248112143738413,0.043315427106103664,0.03441078811952265,0.08114842495511156,0.04676478390390502,0.0675147782541497,0.06849762865846064,0.045092379823530794,0.04062689444377057,0.04378893783809213,0.034817255797885915,0.03192481376004853,0.05164489345676567,0.04798925985121614,0.040005606966257545,0.03412765594839424,0.03641567041676314,0.05764068416084017,0.03611225287388444,0.03615943913900802,0.03019159182424427,0.056982122064945906,0.05880279254789204,0.05834090321865965,0.0637154138812384,0.06453581591629771,0.06838504995323051,0.035568211806237156,0.04867914726295199,0.05520120361868425,0.04953982128905062,0.10595021706387846,0.03826494266863908,0.006706774230878236,0.01609819954463826,0.04387293112261468,0.02093952080975811,0.12306724135180384,0.07430577736103754,0.03694756672937833,0.029900593626677782,0.04701217072064027,0.09851955219016266,0.06791852577678652,0.04502556541387589,0.019759987020077367,0.016186484337366944,0.010058548801853728,0.03255141287597873,0.03681305326189797,0.0650343757899803,0.08892333026688838,0.03048334979862521,0.029452716048851146,0.015406176173373948,0.03790937624012597,0.04467339693961586,0.04357950792428376,0.08277664610560435,0.06304575695549142,0.06543203467228566,0.08267591371648418,0.07451538695316555
25,'Flute',2,0.037508754059900264,0.13141935154244502,0.07650866087757664,0.03593431235703603,0.032565395654367356,0.017839751967756685,0.08793558601808742,0.10798332312780369,0.07398553466694278,0.05567211227627908,0.06443569402803394,0.09988623859531016,0.055453962096392605,0.0548125431879655,0.07647800440108529,0.0442702866934331,0.010585487509231578,0.0,0.01458099999344427,0.013474889626673871,0.031707877720119695,0.014962605856513508,0.020871101988702023,0.032729939596872086,0.02793921145694259,0.08077141480007516,0.04675708338356776,0.06682710553481593,0.06812061850342424,0.034854807034955235,0.04024988428873418,0.04341192768305574,0.034440245642849525,0.03190283106696997,0.051267883301729274,0.04761224969617974,0.039628596811221155,0.04468725416401013,0.04700115792599472,0.06818321947184205,0.046697740383116026,0.0467449266482396,0.033345791968152204,0.0467725304285013,0.05877770729255769,0.05833940175578641,0.06369810619321059,0.06453189936236546,0.05779956244399894,0.024982724297005574,0.04864903274531592,0.054824193463647856,0.04916774105690685,0.09566593223602086,0.038559326254689615,0.010962723857117445,0.01609728836838245,0.03356271331941519,0.02073432714734839,0.12301139822280666,0.06409482726443987,0.03693166209319451,0.029868082660809394,0.04663516056560387,0.0985056917070506,0.05768037503181401,0.034815582389467865,0.018062998659523034,0.016098145227725704,0.003564160152987526,0.03247275882495922,0.036762607976425436,0.0646573656349439,0.08876321621603399,0.02767059171539034,0.021894990672055293,0.015313893987307065,0.031117408069696345,0.04467685519647602,0.04320249776924737,0.07255317873101685,0.06266874680045502,0.06505502451724926,0.08250836742010689,0.06429637348962808
25,'Flute',3,0.05186822156217933,0.11906889903736456,0.06404314283761976,0.04494837461525359,0.04692768940949236,0.03242075196120096,0.08591628444147342,0.0955384039309098,0.062072326375880914,0.0432065942363222,0.0787829889766441,0.08742072055535328,0.042988444056435725,0.043106576046118145,0.06401248636112843,0.042665985350371534,0.01258088905863035,0.01458099999344427,0.0,0.008227794397447596,0.0460285014276427,0.011372743002906416,0.016998972031624687,0.04731093959031635,0.038406300603735344,0.07266928857651384,0.03429156534361088,0.07151029073836239,0.05591673959983028,0.04917416789203658,0.029017381325032388,0.03120804877946178,0.022236366739255563,0.02745532465649712,0.04062043251037309,0.03868169234507449,0.027424717907627197,0.030106254170565856,0.03242015793255045,0.05360221947839778,0.03211674038967175,0.03216392665479533,0.018790527250250263,0.06109189128558265,0.04631218925260081,0.04587388371582953,0.05123258815325372,0.05206638132240859,0.07238056243744322,0.039563724290449846,0.042441194117487833,0.04313488448756897,0.04657298064516926,0.10998529309310223,0.05076320515828358,0.019247142464557453,0.017643336154059025,0.047882074176496536,0.016609171558734866,0.11426627984681535,0.07841418812152122,0.04044880597946643,0.027376302170804594,0.03443128166200992,0.08604017366709373,0.07199973588889537,0.04913494324654922,0.023869110821150504,0.00621239153590674,0.014128854099853948,0.02304900735527454,0.027441057844860547,0.052453486731349946,0.07634244120825802,0.03455046926139546,0.03356705780859748,0.006878570651696482,0.04190488872433867,0.04294698552129617,0.030998618865653412,0.08687253958809821,0.05046486789686106,0.0528511456136553,0.07009502465785383,0.07861573434670943
