% Distances between instruments for pitch 84 (C6)
@RELATION distances

@ATTRIBUTE 'InstrumentId' NUMERIC
@ATTRIBUTE 'Instrument' STRING
@ATTRIBUTE 'StyleId' NUMERIC
@ATTRIBUTE 'Distance to instrument 3 (Bandura), style 1' NUMERIC
@ATTRIBUTE 'Distance to instrument 4 (BanjoFramus), style 1' NUMERIC
@ATTRIBUTE 'Distance to instrument 12 (Clarinet), style 1' NUMERIC
@ATTRIBUTE 'Distance to instrument 12 (Clarinet), style 2' NUMERIC
@ATTRIBUTE 'Distance to instrument 15 (DallapeAccordion), style 1' NUMERIC
@ATTRIBUTE 'Distance to instrument 23 (ElectricPiano), style 1' NUMERIC
@ATTRIBUTE 'Distance to instrument 23 (ElectricPiano), style 2' NUMERIC
@ATTRIBUTE 'Distance to instrument 23 (ElectricPiano), style 3' NUMERIC
@ATTRIBUTE 'Distance to instrument 23 (ElectricPiano), style 4' NUMERIC
@ATTRIBUTE 'Distance to instrument 23 (ElectricPiano), style 5' NUMERIC
@ATTRIBUTE 'Distance to instrument 23 (ElectricPiano), style 6' NUMERIC
@ATTRIBUTE 'Distance to instrument 24 (Erhu), style 1' NUMERIC
@ATTRIBUTE 'Distance to instrument 25 (Flute), style 1' NUMERIC
@ATTRIBUTE 'Distance to instrument 25 (Flute), style 2' NUMERIC
@ATTRIBUTE 'Distance to instrument 25 (Flute), style 3' NUMERIC
@ATTRIBUTE 'Distance to instrument 25 (Flute), style 4' NUMERIC
@ATTRIBUTE 'Distance to instrument 25 (Flute), style 5' NUMERIC
@ATTRIBUTE 'Distance to instrument 25 (Flute), style 6' NUMERIC
@ATTRIBUTE 'Distance to instrument 25 (Flute), style 7' NUMERIC
@ATTRIBUTE 'Distance to instrument 25 (Flute), style 8' NUMERIC
@ATTRIBUTE 'Distance to instrument 26 (Fujara), style 1' NUMERIC
@ATTRIBUTE 'Distance to instrument 28 (JinghuOperaViolin), style 1' NUMERIC
@ATTRIBUTE 'Distance to instrument 29 (Kantele), style 1' NUMERIC
@ATTRIBUTE 'Distance to instrument 30 (Melodica), style 1' NUMERIC
@ATTRIBUTE 'Distance to instrument 31 (MorinKhuurViolin), style 1' NUMERIC
@ATTRIBUTE 'Distance to instrument 32 (Oboe), style 1' NUMERIC
@ATTRIBUTE 'Distance to instrument 32 (Oboe), style 2' NUMERIC
@ATTRIBUTE 'Distance to instrument 34 (Organ), style 1' NUMERIC
@ATTRIBUTE 'Distance to instrument 34 (Organ), style 2' NUMERIC
@ATTRIBUTE 'Distance to instrument 34 (Organ), style 3' NUMERIC
@ATTRIBUTE 'Distance to instrument 34 (Organ), style 4' NUMERIC
@ATTRIBUTE 'Distance to instrument 34 (Organ), style 5' NUMERIC
@ATTRIBUTE 'Distance to instrument 34 (Organ), style 6' NUMERIC
@ATTRIBUTE 'Distance to instrument 36 (Piano), style 1' NUMERIC
@ATTRIBUTE 'Distance to instrument 36 (Piano), style 2' NUMERIC
@ATTRIBUTE 'Distance to instrument 36 (Piano), style 3' NUMERIC
@ATTRIBUTE 'Distance to instrument 36 (Piano), style 4' NUMERIC
@ATTRIBUTE 'Distance to instrument 36 (Piano), style 5' NUMERIC
@ATTRIBUTE 'Distance to instrument 36 (Piano), style 6' NUMERIC
@ATTRIBUTE 'Distance to instrument 36 (Piano), style 7' NUMERIC
@ATTRIBUTE 'Distance to instrument 36 (Piano), style 8' NUMERIC
@ATTRIBUTE 'Distance to instrument 36 (Piano), style 9' NUMERIC
@ATTRIBUTE 'Distance to instrument 36 (Piano), style 10' NUMERIC
@ATTRIBUTE 'Distance to instrument 36 (Piano), style 11' NUMERIC
@ATTRIBUTE 'Distance to instrument 37 (Pinkillo), style 1' NUMERIC
@ATTRIBUTE 'Distance to instrument 38 (PivanaFlute), style 1' NUMERIC
@ATTRIBUTE 'Distance to instrument 39 (Saxophone), style 3' NUMERIC
@ATTRIBUTE 'Distance to instrument 39 (Saxophone), style 4' NUMERIC
@ATTRIBUTE 'Distance to instrument 41 (Shakuhachi), style 1' NUMERIC
@ATTRIBUTE 'Distance to instrument 46 (Trumpet), style 1' NUMERIC
@ATTRIBUTE 'Distance to instrument 46 (Trumpet), style 3' NUMERIC
@ATTRIBUTE 'Distance to instrument 46 (Trumpet), style 4' NUMERIC
@ATTRIBUTE 'Distance to instrument 46 (Trumpet), style 5' NUMERIC
@ATTRIBUTE 'Distance to instrument 46 (Trumpet), style 6' NUMERIC
@ATTRIBUTE 'Distance to instrument 46 (Trumpet), style 7' NUMERIC
@ATTRIBUTE 'Distance to instrument 46 (Trumpet), style 8' NUMERIC
@ATTRIBUTE 'Distance to instrument 46 (Trumpet), style 9' NUMERIC
@ATTRIBUTE 'Distance to instrument 46 (Trumpet), style 10' NUMERIC
@ATTRIBUTE 'Distance to instrument 50 (Viola), style 1' NUMERIC
@ATTRIBUTE 'Distance to instrument 50 (Viola), style 2' NUMERIC
@ATTRIBUTE 'Distance to instrument 50 (Viola), style 3' NUMERIC
@ATTRIBUTE 'Distance to instrument 50 (Viola), style 4' NUMERIC
@ATTRIBUTE 'Distance to instrument 50 (Viola), style 5' NUMERIC
@ATTRIBUTE 'Distance to instrument 50 (Viola), style 6' NUMERIC
@ATTRIBUTE 'Distance to instrument 50 (Viola), style 7' NUMERIC
@ATTRIBUTE 'Distance to instrument 50 (Viola), style 8' NUMERIC
@ATTRIBUTE 'Distance to instrument 50 (Viola), style 9' NUMERIC
@ATTRIBUTE 'Distance to instrument 51 (Violin), style 1' NUMERIC
@ATTRIBUTE 'Distance to instrument 51 (Violin), style 2' NUMERIC
@ATTRIBUTE 'Distance to instrument 51 (Violin), style 3' NUMERIC
@ATTRIBUTE 'Distance to instrument 51 (Violin), style 4' NUMERIC
@ATTRIBUTE 'Distance to instrument 51 (Violin), style 5' NUMERIC
@ATTRIBUTE 'Distance to instrument 51 (Violin), style 6' NUMERIC
@ATTRIBUTE 'Distance to instrument 51 (Violin), style 7' NUMERIC
@ATTRIBUTE 'Distance to instrument 51 (Violin), style 8' NUMERIC
@ATTRIBUTE 'Distance to instrument 51 (Violin), style 9' NUMERIC
@ATTRIBUTE 'Distance to instrument 51 (Violin), style 10' NUMERIC

@DATA
3,'Bandura',1,0.0,0.07466599008540778,0.027628595815074253,0.03425295217728061,0.0641236017309364,0.0010207784558171082,0.09947071339136256,0.01441784431015025,0.004123973399236065,0.041162980166195955,0.010785185861855178,0.027405212976502318,0.0533250575121309,0.044189284245732846,0.05500354395820508,0.03785548100535274,0.037659340685493536,0.041750549291113194,0.0328395960266418,0.03786674361870693,0.03243755643897152,0.052479803915948954,0.011301042554691861,0.06110442017752197,0.03346181838467179,0.030487613040450518,0.028517764654742886,0.030821876610614477,0.024374948597679937,0.02476888940693617,0.032616824380477645,0.02592527591052374,0.02092156099328943,0.04718387890727885,0.08192751129240357,0.07114334551419187,0.0416737521851451,0.04043374575014783,0.02269324228308475,0.059357646267949586,0.03203091248448134,0.08129885491349473,0.001897591067280115,0.026978272201345573,0.06343064154598094,0.03189896579213131,0.026092417727722927,0.042243968115292546,0.10163766136895502,0.035964648516762364,0.040201958952424094,0.042759269777285384,0.06917746760718622,0.09972878404614745,0.09355512106485385,0.045345157061931124,0.030402253167340954,0.033808696520545266,0.017834208030605314,0.04057795765630606,0.04446201099401339,0.04709664476081562,0.07706571904636345,0.0333607349266136,0.03564903920487886,0.02489068386773927,0.06382523597140863,0.02525972059364483,0.05612520123144679,0.04956694090934738,0.04378173048341207,0.08005516641486782,0.03902688805874589,0.06087135923570369,0.03569214867775754,0.04007029760783211,0.05530887782918667
4,'BanjoFramus',1,0.07466599008540778,0.0,0.09856835509834151,0.10866224958537084,0.04060844845199714,0.07368622731277012,0.14507379186579575,0.060330461153311525,0.07878996348464384,0.062162114444331874,0.06394252233861707,0.08135159340164273,0.12799104759753868,0.11875452619321991,0.12964562861718446,0.11252147109076051,0.11206863809358375,0.11641653937652098,0.10724889343473204,0.11227604102679715,0.1069272172065141,0.06474019042874264,0.08596703264009965,0.06703817498875896,0.0815085465740749,0.10294087485204423,0.10292706206283313,0.1052311740187047,0.09878424600577017,0.09941875844156499,0.0887788054797287,0.0927806593511933,0.09533085840137966,0.12184986899268663,0.15659350137781136,0.14579108389348477,0.11633974227055288,0.1150997358355556,0.09722483643589051,0.0683132854637145,0.10668631809637796,0.1559648449989025,0.0728563222487497,0.04778444845585994,0.125833376005577,0.10630826320022153,0.10050171513581314,0.07918778977511864,0.06775352038040482,0.11058105068226988,0.11486794903783189,0.11742525986269318,0.143843457692594,0.031963465016906015,0.07665839702374966,0.09986419513443522,0.08840409577207657,0.08391899637747559,0.09224350543869553,0.11524394774171383,0.11912800107942116,0.1217626348462234,0.15173170913177123,0.10802672501202137,0.08247621941030094,0.0745242686631536,0.04132053742825457,0.0999257106790526,0.13079119131685457,0.12423293099475514,0.08348479503093198,0.12664040076591576,0.07726152782166532,0.12113959415902693,0.0720390331613766,0.06898707319181875,0.050639933788478315
12,'Clarinet',1,0.027628595815074253,0.09856835509834151,0.0,0.01091575920797344,0.05827558376796483,0.026648833042436607,0.0718612681124392,0.038339359859234895,0.03175256921431032,0.03651057031594206,0.03470670141093982,0.018132018587411522,0.02942269249919716,0.04055609787625187,0.03948071593891124,0.029121479462721356,0.039315596198575845,0.03389040235567773,0.03099360595444256,0.013945228069622284,0.008516040889886875,0.034118307305952895,0.038929638369766116,0.03347582436244771,0.017059808524266612,0.004372519753702712,0.013081167454511966,0.006983129284875722,0.019472371001773084,0.01677059953551732,0.015088870185321348,0.0073752435957782775,0.013780917667247173,0.0748124747223531,0.058025146279469836,0.09875368962315124,0.06930234800021935,0.06806234156522208,0.0503026875620081,0.031748200989026226,0.008117962998036446,0.057396489900560975,0.02581910661636476,0.05089978775043021,0.03580204573090668,0.012847159290006696,0.01523790504156095,0.019828230120774087,0.07402751942409487,0.01794388656036822,0.027199674854401525,0.034280338018072135,0.04527510259425247,0.07211933876722411,0.06594567578593048,0.017735711783007767,0.010244785295040039,0.014939061991434549,0.011979500125876898,0.020704414106128697,0.021519649032872606,0.031885504972497015,0.0531633540334297,0.009458369913679855,0.016186710916608997,0.0245155319727652,0.05726306772651618,0.021824859041412403,0.032222836218513046,0.025664575896413636,0.01615313466833781,0.05244572113594446,0.02189235262435234,0.03326191395678034,0.026919872739407037,0.030008264143892616,0.047928421309863196
12,'Clarinet',2,0.03425295217728061,0.10866224958537084,0.01091575920797344,0.0,0.06805380113337368,0.035273730633097716,0.08277702732041264,0.04867079648743086,0.03020144857198026,0.04684200694413804,0.04503813803913579,0.027864152522584607,0.019690558564024078,0.0301580437595315,0.02915950453368317,0.0188050229477708,0.028399836990602407,0.02357394584072717,0.020077846746469123,0.0036347254788273975,0.010204716102304901,0.04392205915662819,0.028613181854815557,0.044227485245636994,0.027292078919510344,0.013793926969500603,0.00581092698391357,0.00651485719136805,0.011875388575608783,0.009484062770344437,0.02482100412049443,0.017107377530951363,0.014179205120678223,0.06449601820740254,0.04829301234429675,0.08843723310820069,0.0589858914852688,0.05774588505027153,0.03987098565060642,0.042663960196999674,0.011549961719128844,0.060405211446734795,0.03615054324456072,0.06123122437862618,0.046118502245857236,0.002690348007605866,0.008406418496427847,0.02956036405594717,0.08494327863206831,0.007596992661668312,0.016883218339450966,0.023963881503121575,0.03554296865907939,0.08303509797519755,0.07686143499390392,0.02865147099098121,0.020576221923236004,0.02474325320789525,0.016864422009897115,0.01038795759117814,0.011203192517922046,0.021569048457546456,0.04343122009825662,0.01152687695294348,0.02651814754480496,0.034247665907938284,0.06759450435471213,0.011508402526461842,0.02297374389944923,0.015932441961240554,0.026662322819351696,0.0633614803439179,0.031624486559525426,0.044177673164753774,0.03665200667458012,0.0397403980790657,0.05822202065401979
15,'DallapeAccordion',1,0.0641236017309364,0.04060844845199714,0.05827558376796483,0.06805380113337368,0.0,0.06314383895829874,0.10478102053541909,0.04978807279884014,0.06824757513017247,0.023045800690521968,0.0534001339841457,0.04074314494964559,0.08769827626716199,0.07846175486284322,0.08935285728680775,0.07222869976038383,0.07525738285165089,0.07612376804614429,0.0669353926075176,0.0716675925748,0.06663444587613741,0.024157276462011944,0.07542464428562827,0.026745403658382266,0.04121577524369822,0.06264810352166754,0.06231861361083598,0.06462272556670756,0.05817579755377302,0.059125987111188306,0.048170357027731564,0.05217221089919616,0.05472240994938252,0.11130748063821526,0.11630073004743469,0.1352486955390134,0.10579735391608151,0.10455734748108421,0.08668244808141912,0.028020514133337806,0.06639354676600127,0.11567207366852583,0.06231393389427833,0.037242060101388565,0.08522492755357987,0.0656998147482244,0.059893266683816004,0.038579341323121505,0.038085732771019835,0.0702882793518932,0.07457517770745518,0.07713248853231648,0.1035506863622173,0.03617755211414906,0.036365625693372976,0.05957142380405852,0.048111324441699875,0.04333652177653028,0.051635056986698395,0.07495117641133715,0.07883522974904447,0.08146986351584672,0.11143893780139452,0.06773395368164468,0.042183448079924246,0.039388686279153956,0.0010277660978778834,0.05963293934867592,0.09049841998647788,0.08394015966437847,0.04302299478476238,0.08634762943553907,0.03665307936966817,0.08084682282865026,0.03143058470937945,0.028378624739821622,0.010347162458101631
23,'ElectricPiano',1,0.0010207784558171082,0.07368622731277012,0.026648833042436607,0.035273730633097716,0.06314383895829874,0.0,0.09844993493554545,0.013397065854333144,0.005103736171873715,0.04014220171037885,0.00976440740603807,0.026425450203864668,0.05430482028476855,0.04521006270154995,0.056024322414022186,0.03883524377799039,0.03868011914131064,0.04273031206375085,0.03386037448245891,0.03888752207452404,0.03345833489478863,0.051500041143311304,0.012280805327329515,0.06012465740488432,0.032482055612034134,0.02946683458463341,0.029538543110559992,0.03184265506643159,0.025395727053497047,0.025789667862753277,0.031637061607839995,0.024945513137886094,0.021942339449106535,0.0481636416799165,0.08290727406504123,0.07216412397000897,0.04265351495778275,0.041413508522785476,0.023714020738901855,0.05833686781213248,0.03305169094029845,0.08227861768613237,0.0008768126114630068,0.025957493745528467,0.06245087877334329,0.03291974424794842,0.027113196183540033,0.041264205342654896,0.10065789859631737,0.03698542697257947,0.04121520493484923,0.04375588876167713,0.0701870030403921,0.09872891000496441,0.09253434260903674,0.04432437860611402,0.029381474711523848,0.03282893374790761,0.01885498648642242,0.041562377787704274,0.04544177376665104,0.04807640753345327,0.0780454818190011,0.03434049769925125,0.03462826074906175,0.023910921095101623,0.06284547319877097,0.026275075690149415,0.057104964004084435,0.05054670368198503,0.042801967710774415,0.0790343879590507,0.03804712528610824,0.059850580779886586,0.03471238590511989,0.03909053483519446,0.05432911505654902
23,'ElectricPiano',2,0.09947071339136256,0.14507379186579575,0.0718612681124392,0.08277702732041264,0.10478102053541909,0.09844993493554545,0.0,0.08506796098089148,0.1035274633122238,0.08292963306887058,0.08868552752950738,0.07323744998289053,0.09901228893885172,0.11241736598869108,0.11134198405135047,0.10089637356063486,0.11117686431101508,0.10566529645359123,0.10285487406688176,0.080726343142718,0.07257231121810775,0.08062374407340712,0.1107045324676796,0.07803561687703679,0.0661272117757939,0.06898310035091205,0.08494243556695118,0.07884439739731493,0.09133363911421229,0.0886288381625846,0.07240990225491101,0.07538967800678643,0.0856421857796864,0.1465873688202666,0.1072569271313167,0.1706140589055544,0.14107724209813285,0.13983723566313558,0.12216395567444732,0.07678817165990998,0.07122706560128382,0.022371815873677856,0.09759382207632966,0.09731885050335871,0.03716455881484509,0.08470842740244593,0.08709917315400016,0.06633366688822832,0.07732027148539093,0.08980515467280743,0.09903425995729787,0.10609829612293509,0.10970783671618607,0.11311032684888973,0.06842648541692947,0.05413322491358144,0.0690684602240216,0.06620841281870347,0.08384076823831611,0.0925101733579981,0.09331983244214044,0.10366039907041051,0.06611482044924556,0.07125125196507716,0.06382987540052641,0.07530816773851813,0.10375325443754119,0.0936615532583882,0.05983262486203089,0.09254407547348809,0.06175802575065669,0.01944145693847901,0.06839778939180657,0.03859935415565887,0.07342530950686127,0.07651370091134685,0.09443385807731743
23,'ElectricPiano',3,0.01441784431015025,0.060330461153311525,0.038339359859234895,0.04867079648743086,0.04978807279884014,0.013397065854333144,0.08506796098089148,0.0,0.018469347915450598,0.02674513585604571,0.003632658448295072,0.021360140303702757,0.06766058644422716,0.0586071285558831,0.06942138826835532,0.05219592105054786,0.05207718499564379,0.05609628527474353,0.04725744033679205,0.05228458792885718,0.04685540074912178,0.0381442749838527,0.025643230503076306,0.046768891245425714,0.02137871756792051,0.0426300875886007,0.042935608964893145,0.045239720920764726,0.038792792907830186,0.03918673371708642,0.028787352381788728,0.03278920625325333,0.03533940530343968,0.06152552692293031,0.09626304022449983,0.08556118982434212,0.05600928111724136,0.054769274682244094,0.037111086593235,0.044939801957799334,0.04644875679463159,0.0956495319938177,0.01252586109543818,0.012560427891195323,0.06584192290763703,0.04631681010228156,0.040510262037873175,0.027908439183196288,0.08730213243685876,0.050382492826912616,0.05461227078918237,0.057152954616010276,0.08358406889472525,0.0853731438455058,0.07914127807949937,0.03954115729665286,0.028094574564194855,0.023927543279535612,0.032252052340755566,0.05495944364203742,0.05883792113714317,0.06143924051658247,0.09141007132142702,0.047710254160781035,0.022152648942625894,0.014532815565213625,0.049489707039312374,0.03967214154448256,0.07046073016354305,0.06390784295463638,0.029446201551315807,0.06630993961260424,0.024691359126649635,0.0608468459399548,0.02135661974566128,0.025734768675735847,0.040973348897090416
23,'ElectricPiano',4,0.004123973399236065,0.07878996348464384,0.03175256921431032,0.03020144857198026,0.06824757513017247,0.005103736171873715,0.1035274633122238,0.018469347915450598,0.0,0.045214483771496304,0.014847441146026768,0.03152918637573838,0.049201084112894845,0.0401377806404325,0.050952040352904716,0.03373150760611668,0.03360783708019319,0.03762693735929292,0.02878809242134145,0.03381524001340658,0.031198704890356074,0.05660377731518503,0.007177069155455798,0.06522839357675803,0.037585791783907856,0.03454894495150057,0.024466261049442536,0.027950969890727814,0.020323444992379588,0.02071738580163582,0.03674079777971371,0.03004924930975981,0.01941876817677307,0.04305990550804279,0.07780353789316752,0.06709184190889152,0.03754977878590904,0.03630977235091177,0.018641738677784396,0.06340914987324993,0.032378205662825975,0.0811557036870935,0.005949094672580463,0.031029775806645923,0.067554614945217,0.02784746218683096,0.022040914122422577,0.04636794151452861,0.10576163476819107,0.031913144911462014,0.036142922873731775,0.038683606700559675,0.06511472097927465,0.10383264617683813,0.0976066246701542,0.04939666066723147,0.03446485113395284,0.03793266991978133,0.02081804964467812,0.03649009572658682,0.04036857322169257,0.04297267136157956,0.07294174564712737,0.03227621134714665,0.03970054281017921,0.029014657266975333,0.06794920937064469,0.02120279362903196,0.05200122783221073,0.04544296751011132,0.047905703882648136,0.08410667002016815,0.043150861457981964,0.06495073019112514,0.03981612207699361,0.044194271007068166,0.059432851228422734
23,'ElectricPiano',5,0.041162980166195955,0.062162114444331874,0.03651057031594206,0.04684200694413804,0.023045800690521968,0.04014220171037885,0.08292963306887058,0.02674513585604571,0.045214483771496304,0.0,0.030377794304340778,0.01953135076040993,0.0658289331532068,0.05677833901259027,0.0675925987250625,0.050367131507255025,0.05286913108584845,0.0542674957314507,0.045428650793499226,0.050455798385564354,0.04502661120582894,0.011402002875534528,0.05238836635912201,0.020026619137107533,0.019549928024627686,0.04080129804530787,0.041106819421600306,0.0434109313774719,0.03696400336453736,0.037357944173793595,0.0269585628384959,0.030960416709960498,0.033510615760146856,0.08827066277897601,0.09443138693347948,0.1123063256803878,0.08275318935044867,0.08151154679056226,0.0638562224492807,0.018194666101753628,0.044619967251338766,0.09382074245052487,0.039268133203756356,0.01438921743448815,0.06401313336434421,0.04448802055898873,0.03868147249458035,0.017367547133885844,0.060559860328540584,0.04855370328361978,0.05278348124588955,0.055324165072717445,0.08175527935143241,0.058630871737187625,0.052399005971181196,0.03771236775336003,0.026265785020902026,0.022098753736242784,0.03042326279746273,0.05313065409874459,0.05700913159385035,0.05961045097328963,0.0895812817781342,0.04588146461748821,0.02032385939933307,0.017000434513351512,0.0227474349309942,0.03784335200118973,0.06862907687252269,0.062079053411343545,0.021664552389699165,0.06447828632158388,0.01544128518043251,0.059018056396661966,0.010218790520143786,0.007166830550585959,0.014231076788772237
23,'ElectricPiano',6,0.010785185861855178,0.06394252233861707,0.03470670141093982,0.04503813803913579,0.0534001339841457,0.00976440740603807,0.08868552752950738,0.003632658448295072,0.014847441146026768,0.030377794304340778,0.0,0.017727481855407685,0.06404852525892162,0.054974470107588026,0.06578872982006025,0.04857894875214345,0.04844452654734871,0.05247401703790391,0.04362478188849698,0.04865192948056211,0.0432227423008267,0.041756336169158255,0.02202451030148257,0.05038095243073126,0.022738350637881082,0.03899835251342716,0.039302950516598066,0.041607062472469654,0.035160134459535114,0.03555407526879135,0.025154693933493653,0.029156547804958254,0.03170674685514461,0.057907346654069554,0.09265097903919428,0.08192853137604704,0.05239721993193581,0.05115721349693853,0.033478428144939926,0.0485724604060944,0.04281609834633652,0.09202232266028543,0.008913799910132626,0.016193086339490393,0.06220926445934197,0.042684151653986487,0.036877603589578103,0.03152050036850184,0.09091419362216431,0.04674983437861754,0.0509796123408873,0.0535202961677152,0.07995141044643019,0.08898520503081135,0.08276993520299866,0.035921672795818135,0.02446191611589978,0.02308522877375456,0.02861939389246049,0.05132678519374234,0.0552052626888481,0.057820112507606325,0.08778918679315413,0.0440842026734043,0.02486385334302368,0.014167216120948567,0.05310176822461793,0.036039483096187486,0.06684866897823749,0.060290408656138085,0.03305826273662136,0.06926998055301263,0.02830342031195519,0.05721418749165972,0.024968680930966835,0.029346829861041406,0.04458541008239597
24,'Erhu',1,0.027405212976502318,0.08135159340164273,0.018132018587411522,0.027864152522584607,0.04074314494964559,0.026425450203864668,0.07323744998289053,0.021360140303702757,0.03152918637573838,0.01953135076040993,0.017727481855407685,0.0,0.047554711086608685,0.040251117435910116,0.04920929210625444,0.032085134579830525,0.038264219303927094,0.03598020286559098,0.029617424083991244,0.031498878001412,0.026490880695584102,0.02569970519380536,0.03870625553119419,0.03468790790811488,0.0071102382070966225,0.022504538341114235,0.022053225538671034,0.02387958061706197,0.01809618913132176,0.01898242193063499,0.007427212078085968,0.01142906594955057,0.013979264999736922,0.07458909188378117,0.07615716486688136,0.09853030678457932,0.06907896516164742,0.06783895872665015,0.049964059326985034,0.03312438285947755,0.02624998158544797,0.0755285084879725,0.02559554513984424,0.03392056819489808,0.0445292452025011,0.025173804514978738,0.019457734026156758,0.015306347231951747,0.0754037012945462,0.030144714171339886,0.03443161252690188,0.03698892335176316,0.06340712118166399,0.07349552063767543,0.06732185765638181,0.01942785862350521,0.007967759261146568,0.007029037164187066,0.01099973051268749,0.034807611230783846,0.038691664568491164,0.041326298335293395,0.07129537262084122,0.027590388501091374,0.009415775796406825,0.006827324738489134,0.04028384817098404,0.021601476202840465,0.05035485480592456,0.04379659448382516,0.01712274548182958,0.05382190300639578,0.011951406625280173,0.04070325764809695,0.009312560240266143,0.013153359284672664,0.03091136447029168
25,'Flute',1,0.0533250575121309,0.12799104759753868,0.02942269249919716,0.019690558564024078,0.08769827626716199,0.05430482028476855,0.09901228893885172,0.06766058644422716,0.049201084112894845,0.0658289331532068,0.06404852525892162,0.047554711086608685,0.0,0.013431032832855417,0.012355650895514788,0.015469576506778165,0.01651286141886508,0.011574508221017703,0.022025881139109884,0.018950688466281243,0.026683530516983984,0.06354099980515006,0.04202401495743904,0.06095287260877972,0.046482501023463775,0.03003377057812848,0.025501485547937647,0.025703861398960543,0.031565947139632865,0.028572289155973696,0.04451156268451851,0.03679793609497544,0.0338697636847023,0.04759206284830697,0.02860245378027267,0.07162772574971878,0.04207458941977962,0.040824946724283856,0.030766211161648186,0.059679471608636854,0.027863031289453884,0.07664052931372141,0.055134725348788986,0.0802101504520856,0.0630394405718449,0.022380906571629944,0.028096977060451927,0.04925092261997125,0.101246460394819,0.0174099969152688,0.013123098559706808,0.010565787734845523,0.015934346333834972,0.09931747180346605,0.09308560603745959,0.044879064025270275,0.03958695182546212,0.04436175449063171,0.036554980573921196,0.01274709985582484,0.00886304651811752,0.006228412751315284,0.032897468489606146,0.027761036973774553,0.04551482818723774,0.05393822447196236,0.0866705101692841,0.02806533691848608,0.039183049734872244,0.006468213465363634,0.04467528148239961,0.07957083200037271,0.05131504512354951,0.06043555581775304,0.056342565238604196,0.05943095664308978,0.07735111380906036
25,'Flute',2,0.044189284245732846,0.11875452619321991,0.04055609787625187,0.0301580437595315,0.07846175486284322,0.04521006270154995,0.11241736598869108,0.0586071285558831,0.0401377806404325,0.05677833901259027,0.054974470107588026,0.040251117435910116,0.013431032832855417,0.0,0.010891102423964528,0.011531173214636545,0.007276340014546309,0.006756954383244969,0.01278935973479111,0.03218779389982507,0.03992063595052781,0.06532570837535676,0.032963898052806785,0.07395032463692976,0.04630772284407959,0.04343426563777903,0.02806837497436882,0.03667290095089955,0.023598816961739964,0.02378852782610649,0.04546272883988545,0.03877118036993154,0.028140699236944806,0.03433797444787105,0.03783897518459144,0.05827918934866919,0.028827847725737304,0.027587841290740028,0.021529689757329416,0.0723042988652781,0.04119030038740728,0.09004555011501324,0.046086875313012955,0.07116755644707841,0.07627654600538873,0.02856300529995481,0.02608178197281415,0.05508987257470035,0.11458361730034676,0.022612211315883646,0.01338310603139322,0.006319069865755997,0.02508893149937409,0.11267543664347597,0.10650177366218234,0.05829180965925964,0.04334890576466947,0.04665460097995306,0.029539980704849856,0.01990719263069297,0.019097533546550628,0.008764991994289163,0.04630881409615736,0.04116721562122191,0.04859569180220737,0.04470170306764359,0.07753083642316438,0.018934987011400537,0.05261408256772767,0.019883009301689434,0.05662763494281987,0.09300181901219633,0.05187279251815369,0.07381801183303222,0.04853805313716534,0.052916202067239904,0.06819854260632491
25,'Flute',3,0.05500354395820508,0.12964562861718446,0.03948071593891124,0.02915950453368317,0.08935285728680775,0.056024322414022186,0.11134198405135047,0.06942138826835532,0.050952040352904716,0.0675925987250625,0.06578872982006025,0.04920929210625444,0.012355650895514788,0.010891102423964528,0.0,0.017225467217807464,0.018167442438510838,0.0133251029936118,0.023680462158755643,0.03118925467397674,0.03892209672467948,0.0651955808247958,0.04377815776527902,0.07295178541108144,0.048137082043109534,0.04235888370043841,0.027156066567583403,0.03567436172505122,0.03322052815927862,0.030234654551268902,0.04616614370416427,0.03845251711462119,0.03552434470434806,0.03533651367371938,0.026947872760626917,0.059277728574517526,0.02982638695158563,0.02858638051658836,0.03242079218129395,0.07122891692793747,0.04011491845006664,0.0889701681776726,0.05690113502548519,0.08198181615955065,0.0752780067795404,0.02756446607410648,0.02975155808009768,0.05409133334885202,0.11350823536300612,0.021562511872014856,0.014809117479172953,0.01226843365234505,0.014197829075409557,0.11160005470613533,0.10542639172484174,0.057216427721919004,0.04227352382732883,0.04601633551027747,0.03820956159356695,0.01883181069335234,0.01802215160921,0.007982147751772863,0.04523343215881673,0.04009183368388128,0.04752030986486674,0.05559280549160811,0.08834509613563661,0.02974924672387277,0.051538700630387034,0.018807627364348805,0.055629095716971534,0.0919264370748557,0.05296962614319526,0.07274262989569158,0.05799714625824995,0.061085537662735535,0.07900569482870612
25,'Flute',4,0.03785548100535274,0.11252147109076051,0.029121479462721356,0.0188050229477708,0.07222869976038383,0.03883524377799039,0.10089637356063486,0.05219592105054786,0.03373150760611668,0.050367131507255025,0.04857894875214345,0.032085134579830525,0.015469576506778165,0.011531173214636545,0.017225467217807464,0.0,0.01029067153696052,0.0047742188313915765,0.006556304632331721,0.020834773088064373,0.028567615138767113,0.05397268756359606,0.02655443845066088,0.06259730382516908,0.034954702032318895,0.03191785519991161,0.016715354162608123,0.025319880139138853,0.016096370632854698,0.013102712649195531,0.03410970802812475,0.027418159558170844,0.018400187177924136,0.0456922032300881,0.04407203028705083,0.0697278661314999,0.040180868537498,0.03894086210250073,0.021277762900392776,0.06077312565064155,0.02974711591123701,0.07852461393550454,0.03967566780767772,0.06475634894174319,0.06492352519362804,0.01720998448819411,0.014728761161053455,0.04373685176293965,0.10313054501660213,0.011208030286102488,0.002416349738634514,0.005212103348880548,0.03138814784417739,0.10120155642524915,0.09497060044754581,0.04676314864705341,0.03183376138236387,0.03530158016819237,0.021085404067143026,0.00841706535659266,0.007601830429848754,0.009243319466034605,0.03921415027087916,0.029645121595557683,0.03706649816010845,0.0384686479651842,0.07120093366250595,0.012595760411707914,0.04108290935309112,0.011711921904088518,0.045274614131059175,0.08147064579755979,0.040519771706393,0.062319640439536174,0.040872988731826036,0.043961380136311616,0.06188153730228219
25,'Flute',5,0.037659340685493536,0.11206863809358375,0.039315596198575845,0.028399836990602407,0.07525738285165089,0.03868011914131064,0.11117686431101508,0.05207718499564379,0.03360783708019319,0.05286913108584845,0.04844452654734871,0.038264219303927094,0.01651286141886508,0.007276340014546309,0.018167442438510838,0.01029067153696052,0.0,0.005516452705568945,0.009015265305526354,0.030450521168297055,0.03860455309290731,0.06363911952192988,0.02643395449256748,0.07262732223623941,0.04504965253522115,0.04219376396010301,0.02623442874406388,0.034686002818916525,0.021611918829756948,0.022548026148430465,0.043475830707902424,0.036784282237948523,0.026153801104961783,0.036324872579854076,0.04511531519913775,0.060266087480652215,0.030814745857720326,0.02957473942272305,0.01496609840240879,0.07106379718760207,0.03994979870973125,0.0888050484373372,0.039556931752773646,0.0646376128868391,0.07428964787340571,0.02657610716797179,0.024094883840831128,0.05324576156007627,0.11334311562267073,0.021371709638207625,0.012142604353717196,0.00594707368401956,0.0323652715139204,0.11143493496579994,0.10526127198450634,0.057051307981583615,0.04210840408699345,0.044968451492311594,0.027553082572866833,0.018666690953016946,0.017857031868874603,0.010284448667549797,0.04506831241848133,0.03992671394354589,0.04735519012453135,0.03754436943043016,0.07552748641133945,0.017515311052626867,0.05137358089005164,0.018642507624013413,0.0550621598099541,0.09176131733452031,0.04989082095340469,0.07257751015535618,0.046751056117650375,0.05109277361279718,0.06695804092864889
25,'Flute',6,0.041750549291113194,0.11641653937652098,0.03389040235567773,0.02357394584072717,0.07612376804614429,0.04273031206375085,0.10566529645359123,0.05609628527474353,0.03762693735929292,0.0542674957314507,0.05247401703790391,0.03598020286559098,0.011574508221017703,0.006756954383244969,0.0133251029936118,0.0047742188313915765,0.005516452705568945,0.0,0.01045137291809218,0.025603695981020747,0.033336538031723484,0.058741610456552434,0.03045305477166722,0.06736622671812544,0.03972362492527526,0.03668677809286798,0.021484277055564494,0.030088803032095223,0.019991438918615156,0.017119802820160412,0.03887863092108112,0.03218708245112722,0.022295255463684594,0.04092207236667538,0.040176962001290374,0.06495364730010832,0.03541194564454163,0.03417193920954436,0.019191702940630485,0.06554734448203313,0.034516038804193384,0.08329353682846091,0.043576032031873387,0.06865671316593884,0.06969244808658441,0.02197890738115048,0.019497684054009826,0.048505774655896026,0.10789946790955851,0.01597695317905886,0.006690727501276206,0.0010566693412667506,0.02748778361998173,0.10597047931820554,0.09974481927893737,0.05153485527601467,0.03660268427532025,0.04007050306114874,0.024980472352903488,0.013185988249549032,0.012370753322805126,0.005346095469702419,0.03955185971291239,0.03441404448851406,0.0418387374189624,0.04236371625094466,0.07509600194826642,0.016490828697468374,0.0458571281844827,0.013126054918444466,0.05004353702401554,0.08624486462895135,0.045288694599349366,0.06708856333249254,0.04476805701758649,0.047856448422072075,0.06577660558804266
25,'Flute',7,0.0328395960266418,0.10724889343473204,0.03099360595444256,0.020077846746469123,0.0669353926075176,0.03386037448245891,0.10285487406688176,0.04725744033679205,0.02878809242134145,0.045428650793499226,0.04362478188849698,0.029617424083991244,0.022025881139109884,0.01278935973479111,0.023680462158755643,0.006556304632331721,0.009015265305526354,0.01045137291809218,0.0,0.02212853092416377,0.030282562848774026,0.055317129277796605,0.021614209833715745,0.06430533199210613,0.03672766229108786,0.03387177371596972,0.017912438499930596,0.025670737513390173,0.01259665352423059,0.014226035904297182,0.034460565402376075,0.02776901693242217,0.01721268828719539,0.04534013788538043,0.05062833491938256,0.06928135278617857,0.03983001116324668,0.0385900047282494,0.020715105328584293,0.0627418069434688,0.03162780846559796,0.08048305819320391,0.034737187093921915,0.05981786822798737,0.06569031525203668,0.018146446664435864,0.01575570091288161,0.04492377131594299,0.10502112537853743,0.013049719394074339,0.008902782579403074,0.011460093404264363,0.037878291234165196,0.10311294472166666,0.09693928174037304,0.04872931773745034,0.033786413842860165,0.0366464612481783,0.01901410582856566,0.010344700708883664,0.013162834620992362,0.0157974683877946,0.045766542673342424,0.031604723699412605,0.039033199880398065,0.03272462477157843,0.06720549616720617,0.009193320808493582,0.043051590645918354,0.01826776453632636,0.04674016956582081,0.08343932709038702,0.041568830709271413,0.0642555199112229,0.03842906587351708,0.042770783368663905,0.058636050684515585
25,'Flute',8,0.03786674361870693,0.11227604102679715,0.013945228069622284,0.0036347254788273975,0.0716675925748,0.03888752207452404,0.080726343142718,0.05228458792885718,0.03381524001340658,0.050455798385564354,0.04865192948056211,0.031498878001412,0.018950688466281243,0.03218779389982507,0.03118925467397674,0.020834773088064373,0.030450521168297055,0.025603695981020747,0.02212853092416377,0.0,0.008154031924610252,0.04753585059805451,0.030642931995109132,0.0453113098544207,0.03090587036093667,0.011743242791805953,0.009445652462740968,0.009648028313763863,0.015510114054436181,0.013097854211770758,0.028455729599321827,0.02074210300977876,0.01781393059950562,0.06652576834769612,0.044658286865469354,0.09046698324849427,0.06101564162556237,0.05977563519056509,0.041900735790899986,0.04431433697660375,0.009499277541434195,0.05835452726904015,0.03976433468598704,0.06484501582005249,0.04408875210556367,0.006325073486433263,0.012041143975255244,0.03319508953477457,0.08289259445437366,0.009626742801961885,0.018912968479744538,0.025993631643415147,0.03190824318025199,0.08098441379750289,0.07481075081620928,0.026600786813286554,0.024190013364662324,0.028357044649321567,0.02049914748872451,0.012417707731471711,0.013232942658215618,0.02359879859784003,0.03979649461942922,0.00947619277524883,0.030131938986231285,0.03788239138676568,0.07120829579613847,0.013538152666755418,0.020923059721754584,0.012482475000917608,0.028791245995865185,0.06131079616622324,0.035259212038352826,0.04212698898705913,0.04028673215340752,0.0433751235578931,0.061835812095446106
26,'Fujara',1,0.03243755643897152,0.1069272172065141,0.008516040889886875,0.010204716102304901,0.06663444587613741,0.03345833489478863,0.07257231121810775,0.04685540074912178,0.031198704890356074,0.04502661120582894,0.0432227423008267,0.026490880695584102,0.026683530516983984,0.03992063595052781,0.03892209672467948,0.028567615138767113,0.03860455309290731,0.033336538031723484,0.030282562848774026,0.008154031924610252,0.0,0.04247716941412547,0.038375774045811877,0.039889042217755154,0.02547668318120126,0.004225313160521073,0.012370124348843428,0.006272086179207186,0.018761327896104546,0.016216735211563076,0.023447732293493933,0.015734105703950858,0.013069874561578635,0.07425861039839887,0.04966628417129725,0.09819982529919702,0.06874848367626511,0.06750847724126784,0.04963357784160272,0.03888514979686834,0.0013452456168239425,0.050200495344429906,0.034335147506251634,0.05941582864031709,0.036355910054860927,0.012136116184338158,0.014526861935892412,0.028187092228946668,0.07473856252976341,0.017359584852664627,0.02664581053044728,0.03372647369411789,0.03732309783855473,0.07516019277601868,0.06665671889159902,0.018446754888676305,0.018760826184926912,0.02329792409960713,0.015491150182896615,0.020150549782174454,0.02096578470891836,0.03133164064854277,0.044804491925257116,0.001322160850638578,0.024702751806495876,0.03287439408093778,0.06577910861640306,0.021270994717458153,0.02386397411034046,0.020215317051620347,0.023611451091375035,0.053156764241612996,0.030251214732524928,0.03397295706244888,0.035278734847579624,0.0383671262520652,0.0564066249157107
28,'JinghuOperaViolin',1,0.052479803915948954,0.06474019042874264,0.034118307305952895,0.04392205915662819,0.024157276462011944,0.051500041143311304,0.08062374407340712,0.0381442749838527,0.05660377731518503,0.011402002875534528,0.041756336169158255,0.02569970519380536,0.06354099980515006,0.06532570837535676,0.0651955808247958,0.05397268756359606,0.06363911952192988,0.058741610456552434,0.055317129277796605,0.04753585059805451,0.04247716941412547,0.0,0.06378084647064082,0.008988202714309518,0.019017985531277173,0.038490827059655605,0.038186871634090465,0.04049098358996206,0.04379589432512712,0.041621807636392026,0.024872157465825828,0.028040468922450656,0.03810444099060121,0.09966368282322781,0.09214345358542274,0.12360489772402594,0.09415355610109406,0.09291354966609679,0.07503865026643168,0.0074246776656721886,0.04223627030398933,0.09151479720651386,0.050670136079290884,0.025598262286401125,0.06109318557683437,0.04156807277147889,0.03956142836491499,0.014447599346376004,0.04970399610074083,0.046131002889881256,0.05205088295527623,0.05913154611894683,0.07939340990020537,0.047795815443870064,0.041622152462576445,0.03541414734204658,0.023954047979687934,0.019179245314518343,0.03630302344923094,0.05079389994932521,0.05467795328703253,0.05731258705383477,0.08728166133938259,0.043576677219632744,0.01802617161791231,0.027770422949432955,0.023672445198083952,0.04667606714228711,0.06634114352446593,0.05978288320236653,0.018865718322750438,0.06219035297352713,0.01374829856852519,0.05668954636663832,0.016888063404279514,0.0125463459091327,0.014299961497391595
